0 0.796875 0.24375 0.0296875 0.06796875
0 0.93671875 0.6046875 0.0296875 0.05859375
0 0.99375 0.55234375 0.009375 0.03671875
0 0.7390625 0.5984375 0.0296875 0.06484375
0 0.7625 0.57421875 0.01875 0.03359375
0 0.7765625 0.55390625 0.0171875 0.03671875
0 0.76953125 0.52109375 0.0140625 0.028125
0 0.7046875 0.56953125 0.015625 0.0515625
0 0.721875 0.54453125 0.0125 0.028125
0 0.646875 0.58359375 0.03125 0.0703125
0 0.61015625 0.53671875 0.01640625 0.03828125
0 0.65546875 0.534375 0.0203125 0.04296875
0 0.5875 0.6515625 0.03203125 0.06796875
0 0.565625 0.6 0.025 0.04375
0 0.53828125 0.621875 0.028125 0.05859375
0 0.52265625 0.5671875 0.0265625 0.0484375
0 0.50703125 0.59453125 0.02421875 0.0546875
0 0.53515625 0.54921875 0.021875 0.04296875
0 0.55703125 0.56640625 0.01875 0.03828125
0 0.46796875 0.5296875 0.015625 0.03515625
0 0.48125 0.64609375 0.03828125 0.071875
0 0.44296875 0.56953125 0.02265625 0.0484375
0 0.47265625 0.5546875 0.021875 0.053125
0 0.37578125 0.525 0.0203125 0.03203125
0 0.3953125 0.58125 0.0203125 0.04140625
0 0.42109375 0.6546875 0.0296875 0.06796875
0 0.38359375 0.62734375 0.0265625 0.05703125
0 0.35 0.609375 0.0296875 0.06328125
0 0.33125 0.66640625 0.03125 0.0703125
0 0.31328125 0.6140625 0.0296875 0.06640625
0 0.26640625 0.62734375 0.02734375 0.05703125
0 0.2859375 0.51328125 0.01875 0.03828125
0 0.3375 0.58984375 0.0265625 0.06171875
0 0.18515625 0.53203125 0.01875 0.03828125
0 0.2078125 0.55234375 0.025 0.0453125
0 0.2578125 0.58046875 0.02734375 0.05703125
0 0.21796875 0.51640625 0.0140625 0.03515625
0 0.1609375 0.52890625 0.015625 0.03984375
0 0.1359375 0.55390625 0.028125 0.06015625
0 0.1765625 0.61640625 0.0234375 0.06796875
0 0.2171875 0.61484375 0.03125 0.06484375
0 0.234375 0.6796875 0.03515625 0.08828125
0 0.11875 0.67109375 0.03828125 0.06015625
0 0.0328125 0.63984375 0.040625 0.08828125
0 0.0765625 0.60234375 0.034375 0.06015625
0 0.00859375 0.5453125 0.01484375 0.03828125
0 0.09296875 0.5453125 0.0234375 0.05859375
0 0.11015625 0.58671875 0.02265625 0.05859375