0 0.02109375 0.434375 0.0421875 0.084375
0 0.0609375 0.41953125 0.04375 0.08828125
0 0.06015625 0.36796875 0.0421875 0.0796875
0 0.08671875 0.3984375 0.0296875 0.046875
0 0.11875 0.38046875 0.034375 0.05234375
0 0.15390625 0.38671875 0.03046875 0.04921875
0 0.196875 0.38515625 0.0390625 0.07265625
0 0.3859375 0.23125 0.07421875 0.134375
0 0.73359375 0.42734375 0.02421875 0.03671875
0 0.82421875 0.465625 0.01953125 0.03515625
0 0.85859375 0.45078125 0.01953125 0.02890625
0 0.9 0.42578125 0.02421875 0.03671875
0 0.86875 0.44453125 0.0109375 0.021875
0 0.6515625 0.103125 0.0140625 0.02734375
0 0.80234375 0.1453125 0.0109375 0.01953125