0 0.0140625 0.42421875 0.02265625 0.0515625
0 0.0328125 0.4328125 0.0296875 0.0671875
0 0.1203125 0.34453125 0.0125 0.04140625
0 0.1203125 0.43515625 0.03125 0.06171875
0 0.1453125 0.42265625 0.03515625 0.0671875
0 0.22109375 0.409375 0.03203125 0.0671875
0 0.25234375 0.3171875 0.02421875 0.0421875
0 0.275 0.41796875 0.0296875 0.05546875
0 0.3078125 0.3546875 0.028125 0.053125
0 0.31171875 0.3296875 0.025 0.053125
0 0.4859375 0.16640625 0.0515625 0.11875
0 0.525 0.2421875 0.00859375 0.0234375
0 0.628125 0.1640625 0.0390625 0.10546875
0 0.60546875 0.28515625 0.0171875 0.05390625
0 0.50859375 0.35390625 0.02421875 0.06015625
0 0.5375 0.4 0.03515625 0.0671875
0 0.565625 0.3640625 0.03125 0.065625
0 0.5484375 0.4609375 0.03515625 0.075
0 0.5921875 0.43203125 0.034375 0.071875
0 0.8078125 0.34140625 0.03828125 0.07890625
0 0.809375 0.30390625 0.03203125 0.06328125
0 0.8953125 0.4125 0.0171875 0.0515625
0 0.92890625 0.33515625 0.03203125 0.065625
0 0.965625 0.31171875 0.03203125 0.05703125
0 0.9703125 0.4390625 0.0359375 0.06875
0 0.09453125 0.43359375 0.01953125 0.0515625