0 0.040625 0.29140625 0.03125 0.05234375
0 0.16640625 0.28984375 0.03203125 0.05625
0 0.04609375 0.3734375 0.03984375 0.0609375
0 0.115625 0.4421875 0.03515625 0.06875
0 0.20390625 0.31015625 0.028125 0.046875
0 0.2046875 0.4375 0.0515625 0.0859375
0 0.25625 0.36953125 0.03125 0.05234375
0 0.2625 0.45546875 0.04765625 0.06484375
0 0.30390625 0.50625 0.04375 0.06796875
0 0.33359375 0.40703125 0.03046875 0.053125
0 0.371875 0.4 0.046875 0.07578125
0 0.4171875 0.2984375 0.03125 0.04453125
0 0.4390625 0.3921875 0.053125 0.103125
0 0.45703125 0.48984375 0.05078125 0.09609375
0 0.52890625 0.43125 0.03984375 0.05625
0 0.55859375 0.4453125 0.0390625 0.04453125
0 0.58515625 0.409375 0.0421875 0.0609375
0 0.62109375 0.49453125 0.04296875 0.05703125
0 0.6421875 0.415625 0.03828125 0.0640625
0 0.696875 0.43046875 0.03515625 0.053125
0 0.7234375 0.4859375 0.0359375 0.06796875
0 0.7625 0.46875 0.03203125 0.05703125
0 0.8234375 0.40546875 0.03984375 0.06875
0 0.8484375 0.41171875 0.0296875 0.0625
0 0.8953125 0.390625 0.0359375 0.05703125
0 0.8890625 0.44296875 0.0359375 0.05703125
0 0.8078125 0.50078125 0.0421875 0.06875
0 0.8875 0.5140625 0.04296875 0.06796875
0 0.928125 0.42890625 0.0234375 0.04296875
0 0.9484375 0.509375 0.0375 0.05703125