0 0.28203125 0.228125 0.0359375 0.06875
0 0.36640625 0.23359375 0.03984375 0.06875
0 0.29296875 0.3578125 0.046875 0.0765625
0 0.2953125 0.46953125 0.0453125 0.08203125
0 0.40546875 0.4671875 0.0390625 0.0609375
0 0.5296875 0.55 0.04296875 0.0765625
0 0.5984375 0.5546875 0.040625 0.0703125
0 0.478125 0.1734375 0.03828125 0.06640625
0 0.5421875 0.21171875 0.03828125 0.06875
0 0.60078125 0.18046875 0.0359375 0.0640625
0 0.69765625 0.46484375 0.0359375 0.0625
0 0.77109375 0.43984375 0.034375 0.06015625
0 0.84453125 0.45234375 0.03828125 0.06640625
0 0.72578125 0.6375 0.05 0.0953125
0 0.68515625 0.178125 0.034375 0.0625
0 0.79453125 0.20703125 0.034375 0.06484375
0 0.034375 0.2671875 0.00703125 0.01328125