0 0.0671875 0.1234375 0.05625 0.09921875
0 0.190625 0.18359375 0.05859375 0.1046875
0 0.275 0.19296875 0.075 0.153125
0 0.39765625 0.1078125 0.0546875 0.1015625
0 0.428125 0.265625 0.0640625 0.14140625
0 0.540625 0.225 0.071875 0.15546875
0 0.48046875 0.1359375 0.01953125 0.04765625
0 0.52265625 0.0796875 0.0109375 0.025
0 0.5671875 0.07734375 0.015625 0.03515625
0 0.625 0.05546875 0.0234375 0.04375
0 0.71015625 0.23984375 0.08984375 0.16875
0 0.03359375 0.609375 0.00859375 0.0421875
0 0.08125 0.6078125 0.0234375 0.0421875