0 0.025 0.38515625 0.009375 0.0328125
0 0.07109375 0.37109375 0.02421875 0.0328125
0 0.1375 0.384375 0.0265625 0.0296875
0 0.18828125 0.3703125 0.03046875 0.04296875
0 0.25625 0.36484375 0.0203125 0.0296875
0 0.30703125 0.375 0.02265625 0.03828125
0 0.2640625 0.334375 0.01875 0.0265625
0 0.28828125 0.3421875 0.0203125 0.02421875
0 0.3375 0.4078125 0.03046875 0.0453125
0 0.353125 0.325 0.0234375 0.03515625
0 0.3265625 0.3375 0.01953125 0.02890625
0 0.34375 0.27265625 0.021875 0.02421875
0 0.45390625 0.15390625 0.053125 0.09140625
0 0.55078125 0.25859375 0.0171875 0.02890625
0 0.59453125 0.33203125 0.0234375 0.0328125
0 0.659375 0.321875 0.02265625 0.0359375
0 0.69140625 0.321875 0.0296875 0.0453125
0 0.62109375 0.37890625 0.0375 0.0578125
0 0.70078125 0.37421875 0.034375 0.04921875
0 0.75859375 0.38359375 0.0390625 0.05546875
0 0.76015625 0.32109375 0.03203125 0.04296875
0 0.7875 0.3765625 0.028125 0.053125
0 0.88125 0.36171875 0.040625 0.06015625
0 0.878125 0.30859375 0.0359375 0.04453125