0 0.27578125 0.11875 0.04375 0.0875
0 0.0265625 0.7515625 0.028125 0.05390625
0 0.07578125 0.71953125 0.03203125 0.06328125
0 0.134375 0.76484375 0.0265625 0.0484375
0 0.1390625 0.74765625 0.01953125 0.0421875
0 0.20234375 0.7265625 0.01875 0.03515625
0 0.5296875 0.5484375 0.01171875 0.025
0 0.57109375 0.55703125 0.0140625 0.028125
0 0.521875 0.7296875 0.021875 0.0421875
0 0.5390625 0.7109375 0.021875 0.0453125
0 0.5421875 0.7375 0.028125 0.06328125
0 0.59453125 0.7125 0.0359375 0.071875
0 0.70078125 0.70546875 0.0265625 0.05546875
0 0.77265625 0.7296875 0.025 0.05390625