0 0.36796875 0.1015625 0.0265625 0.04453125
0 0.3734375 0.1625 0.025 0.04921875
0 0.328125 0.17734375 0.02734375 0.046875
0 0.29140625 0.2453125 0.0359375 0.0640625
0 0.32734375 0.2640625 0.028125 0.0453125
0 0.39453125 0.23359375 0.03125 0.05625
0 0.45 0.178125 0.021875 0.040625
0 0.4953125 0.16796875 0.02734375 0.046875
0 0.48125 0.22421875 0.0296875 0.04921875
0 0.4328125 0.24453125 0.0390625 0.06484375
0 0.56484375 0.209375 0.0265625 0.04453125
0 0.56015625 0.1796875 0.02265625 0.0390625
0 0.60546875 0.16171875 0.0234375 0.046875
0 0.63828125 0.16328125 0.0265625 0.05078125
0 0.63984375 0.23359375 0.0296875 0.05078125
0 0.60078125 0.28515625 0.025 0.04921875
0 0.67421875 0.2984375 0.034375 0.0625
0 0.53515625 0.32578125 0.0390625 0.06796875
0 0.559375 0.4078125 0.0390625 0.06875
0 0.66484375 0.38984375 0.0375 0.0609375
0 0.7296875 0.38046875 0.0359375 0.06484375
0 0.38828125 0.41796875 0.0359375 0.0625
0 0.209375 0.4203125 0.04375 0.08203125
0 0.23984375 0.290625 0.0421875 0.08203125
0 0.63515625 0.4625 0.0421875 0.0703125
0 0.753125 0.44765625 0.0390625 0.0703125
0 0.8296875 0.4421875 0.0421875 0.07421875