0 0.0296875 0.22421875 0.0453125 0.1
0 0.14765625 0.27890625 0.040625 0.07890625
0 0.07109375 0.46328125 0.05859375 0.1140625
0 0.27109375 0.4453125 0.065625 0.15078125
0 0.30625 0.31953125 0.04375 0.08203125
0 0.4 0.2734375 0.0484375 0.11015625
0 0.496875 0.5015625 0.0703125 0.140625
0 0.60234375 0.2265625 0.0546875 0.1015625
0 0.64765625 0.275 0.034375 0.071875
0 0.70625 0.31328125 0.025 0.06015625
0 0.75703125 0.25234375 0.03984375 0.10234375
0 0.8828125 0.253125 0.046875 0.0921875
0 0.88984375 0.49140625 0.08203125 0.17890625