0 0.08359375 0.3421875 0.01875 0.0671875
0 0.1203125 0.29453125 0.0234375 0.07578125
0 0.1765625 0.30234375 0.0265625 0.078125
0 0.2375 0.30234375 0.0171875 0.078125
0 0.2515625 0.32109375 0.021875 0.07109375
0 0.3015625 0.26875 0.01484375 0.0671875
0 0.33671875 0.28203125 0.02265625 0.0625
0 0.4171875 0.31015625 0.01953125 0.07109375
0 0.4515625 0.290625 0.028125 0.07578125
0 0.5 0.18984375 0.01171875 0.08203125
0 0.54609375 0.203125 0.01640625 0.06875
0 0.6453125 0.2234375 0.01640625 0.07109375
0 0.71796875 0.25703125 0.0265625 0.090625
0 0.8328125 0.31328125 0.028125 0.078125
0 0.7640625 0.26640625 0.0234375 0.09296875
0 0.9109375 0.21953125 0.03125 0.08828125
0 0.92109375 0.140625 0.03203125 0.08203125
0 0.3375 0.89453125 0.0171875 0.0515625