0 0.01875 0.584375 0.0375 0.0875
0 0.05546875 0.5609375 0.034375 0.06640625
0 0.0296875 0.51875 0.0390625 0.06953125
0 0.0640625 0.4296875 0.0375 0.0734375
0 0.14375 0.17890625 0.025 0.05859375
0 0.11796875 0.22890625 0.02265625 0.0484375
0 0.20390625 0.1046875 0.02734375 0.05703125
0 0.2875 0.12578125 0.0296875 0.05390625
0 0.28046875 0.36328125 0.109375 0.2078125
0 0.403125 0.271875 0.10625 0.19609375
0 0.46796875 0.37421875 0.09296875 0.2125
0 0.6625 0.36875 0.02421875 0.0515625
0 0.73203125 0.54375 0.0359375 0.084375
0 0.675 0.4953125 0.03203125 0.07109375
0 0.7734375 0.46953125 0.02734375 0.05859375
0 0.75390625 0.42421875 0.02734375 0.06015625
0 0.68515625 0.4109375 0.02265625 0.0484375
0 0.71328125 0.3359375 0.0265625 0.05546875
0 0.78671875 0.40703125 0.028125 0.05390625
0 0.784375 0.3671875 0.0203125 0.0453125
0 0.82109375 0.33515625 0.02421875 0.046875
0 0.8578125 0.36328125 0.02421875 0.0484375
0 0.821875 0.47734375 0.0375 0.078125
0 0.8546875 0.45234375 0.02734375 0.06953125
0 0.83125 0.44453125 0.025 0.06484375
0 0.9015625 0.4125 0.0296875 0.06171875
0 0.93671875 0.45234375 0.025 0.05390625
0 0.9578125 0.521875 0.03203125 0.06328125
0 0.9828125 0.39375 0.0203125 0.05
0 0.97890625 0.33828125 0.0203125 0.04375
0 0.91796875 0.35390625 0.0234375 0.0484375
0 0.9578125 0.40078125 0.0234375 0.05546875
0 0.93125 0.76328125 0.0921875 0.2140625
0 0.871875 0.63359375 0.04296875 0.0921875
0 0.809375 0.6 0.034375 0.0734375
0 0.86953125 0.5390625 0.03203125 0.06484375
0 0.9109375 0.49140625 0.03046875 0.06640625
0 0.621875 0.4734375 0.02421875 0.06015625
0 0.61796875 0.37578125 0.0265625 0.05703125