0 0.21015625 0.36875 0.06171875 0.140625
0 0.44921875 0.2390625 0.0625 0.1453125
0 0.57734375 0.36796875 0.07421875 0.1625
0 0.725 0.17265625 0.0390625 0.0671875
0 0.74609375 0.0921875 0.0328125 0.0640625
0 0.76875 0.11484375 0.0296875 0.06328125
0 0.81640625 0.040625 0.0296875 0.0421875
0 0.5109375 0.115625 0.034375 0.0671875
0 0.4390625 0.0875 0.0359375 0.08515625
0 0.29765625 0.121875 0.034375 0.0671875
0 0.2078125 0.16328125 0.040625 0.071875
0 0.3140625 0.05078125 0.0296875 0.065625
0 0.95546875 0.0984375 0.034375 0.0640625
0 0.3296875 0.02734375 0.02265625 0.0453125