0 0.0234375 0.17109375 0.0140625 0.03359375
0 0.05234375 0.15234375 0.01640625 0.04296875
0 0.0375 0.22578125 0.025 0.0484375
0 0.071875 0.24375 0.02265625 0.03515625
0 0.06171875 0.35859375 0.02265625 0.03515625
0 0.1 0.33359375 0.01953125 0.03203125
0 0.115625 0.209375 0.0234375 0.04296875
0 0.0921875 0.24140625 0.0109375 0.0203125
0 0.084375 0.23125 0.00859375 0.01796875
0 0.171875 0.24296875 0.01953125 0.04140625
0 0.2125 0.1953125 0.03125 0.103125
0 0.23125 0.2015625 0.01953125 0.03515625
0 0.26640625 0.20625 0.0234375 0.03828125
0 0.3 0.1453125 0.025 0.046875
0 0.30078125 0.23203125 0.03515625 0.08828125
0 0.65546875 0.13828125 0.0234375 0.06484375
0 0.86875 0.15859375 0.01953125 0.046875
0 0.9546875 0.1265625 0.02265625 0.05625
0 0.73046875 0.1203125 0.0140625 0.03515625
0 0.5609375 0.15625 0.0234375 0.04375
0 0.73515625 0.20078125 0.021875 0.03984375
0 0.75703125 0.15234375 0.01953125 0.03984375
0 0.7921875 0.18828125 0.021875 0.03828125
0 0.340625 0.14609375 0.03828125 0.06328125
0 0.36875 0.15234375 0.01640625 0.03359375
0 0.33671875 0.2046875 0.02265625 0.03828125
0 0.60859375 0.178125 0.0203125 0.04140625
0 0.66953125 0.1890625 0.01875 0.03125
0 0.6828125 0.17265625 0.0171875 0.0453125
0 0.76640625 0.2171875 0.01171875 0.028125
0 0.36171875 0.23046875 0.01875 0.03671875
0 0.4 0.1890625 0.021875 0.03984375
0 0.45 0.13515625 0.02265625 0.05625
0 0.459375 0.16875 0.01875 0.03515625
0 0.50625 0.22890625 0.01953125 0.03984375
0 0.5078125 0.1796875 0.01953125 0.03203125
0 0.5734375 0.20234375 0.0171875 0.03671875
0 0.71171875 0.29921875 0.02421875 0.04296875
0 0.70625 0.1421875 0.0125 0.028125
0 0.5921875 0.1609375 0.01640625 0.03671875