0 0.9265625 0.5 0.0296875 0.07109375
0 0.2140625 0.403125 0.05859375 0.12265625
0 0.3984375 0.175 0.03515625 0.06953125
0 0.5125 0.17421875 0.03125 0.065625
0 0.5890625 0.22109375 0.0234375 0.0640625
0 0.4578125 0.409375 0.06328125 0.18359375
0 0.509375 0.4109375 0.06875 0.13828125
0 0.5484375 0.45703125 0.0359375 0.07578125
0 0.6859375 0.46640625 0.07734375 0.16171875
0 0.76875 0.49375 0.0515625 0.1046875
0 0.68828125 0.2828125 0.02265625 0.05390625
0 0.759375 0.25 0.028125 0.065625
0 0.8765625 0.290625 0.0265625 0.05390625
0 0.6984375 0.48828125 0.0640625 0.1328125