0 0.096875 0.39921875 0.03515625 0.0515625
0 0.13671875 0.3828125 0.025 0.0390625
0 0.19375 0.4078125 0.025 0.0390625
0 0.2109375 0.38515625 0.01953125 0.034375
0 0.25078125 0.40546875 0.02421875 0.0328125
0 0.27265625 0.4 0.0203125 0.034375
0 0.30859375 0.375 0.01953125 0.034375
0 0.315625 0.42109375 0.02265625 0.040625
0 0.35390625 0.3859375 0.02265625 0.03671875
0 0.4046875 0.3984375 0.02265625 0.040625
0 0.41484375 0.3765625 0.01875 0.03046875
0 0.44296875 0.40234375 0.01875 0.03046875
0 0.484375 0.40078125 0.0171875 0.03046875
0 0.521875 0.38828125 0.01875 0.028125
0 0.525 0.425 0.01875 0.0328125
0 0.55078125 0.4125 0.0171875 0.0328125
0 0.55390625 0.4953125 0.0203125 0.034375
0 0.478125 0.4921875 0.02265625 0.03671875
0 0.4 0.50390625 0.02265625 0.03671875
0 0.3015625 0.4890625 0.02265625 0.03828125
0 0.3140625 0.5421875 0.01875 0.028125
0 0.21484375 0.4859375 0.025 0.04453125
0 0.103125 0.521875 0.0265625 0.04296875
0 0.9265625 0.51796875 0.02265625 0.040625
0 0.871875 0.41171875 0.0234375 0.03671875
0 0.85078125 0.3890625 0.01953125 0.0328125
0 0.78515625 0.40859375 0.01953125 0.03046875
0 0.8078125 0.4234375 0.02265625 0.03515625
0 0.8234375 0.50703125 0.02265625 0.040625
0 0.7109375 0.3828125 0.01953125 0.0328125
0 0.75234375 0.43828125 0.01875 0.0265625
0 0.7125 0.4234375 0.01953125 0.0328125
0 0.7515625 0.50859375 0.02265625 0.03046875
0 0.67109375 0.51328125 0.01953125 0.03046875
0 0.665625 0.43203125 0.01953125 0.03828125
0 0.6703125 0.40234375 0.0171875 0.028125
0 0.64453125 0.40859375 0.015625 0.0328125
0 0.6265625 0.3953125 0.0171875 0.03125
0 0.609375 0.41796875 0.015625 0.02890625
0 0.575 0.4 0.01953125 0.0265625
0 0.60234375 0.50078125 0.01953125 0.0328125