0 0.0625 0.08984375 0.025 0.0359375
0 0.10859375 0.1140625 0.02734375 0.0296875
0 0.23203125 0.16171875 0.028125 0.0390625
0 0.240625 0.1046875 0.02734375 0.0390625
0 0.3265625 0.13515625 0.03828125 0.04609375
0 0.38515625 0.16015625 0.03984375 0.046875
0 0.671875 0.04375 0.040625 0.0546875
0 0.740625 0.0875 0.03984375 0.06015625
0 0.753125 0.43671875 0.03203125 0.04375
0 0.8015625 0.40859375 0.040625 0.05
0 0.221875 0.7890625 0.0171875 0.021875
0 0.346875 0.78359375 0.015625 0.0234375
0 0.63984375 0.8390625 0.04375 0.05390625