0 0.4375 0.16171875 0.11328125 0.1515625
0 0.93828125 0.4140625 0.08984375 0.0671875
0 0.8921875 0.27421875 0.0609375 0.065625
0 0.9859375 0.28125 0.0265625 0.03203125
0 0.8296875 0.3390625 0.01953125 0.0234375
0 0.803125 0.2984375 0.0265625 0.02890625
0 0.8671875 0.3109375 0.0234375 0.0359375
0 0.75078125 0.3125 0.02265625 0.0265625
0 0.70625 0.37265625 0.01875 0.02265625
0 0.69140625 0.32421875 0.021875 0.02734375
0 0.675 0.303125 0.021875 0.0234375
0 0.72734375 0.31796875 0.01640625 0.0203125
0 0.70703125 0.31640625 0.0171875 0.02265625
0 0.821875 0.2921875 0.0171875 0.02265625