0 0.40703125 0.34375 0.0734375 0.140625
0 0.30390625 0.2625 0.02421875 0.05390625
0 0.453125 0.16328125 0.0296875 0.065625
0 0.4421875 0.08046875 0.025 0.05390625
0 0.48046875 0.065625 0.01171875 0.04140625
0 0.37421875 0.0703125 0.021875 0.05390625
0 0.2734375 0.05859375 0.0234375 0.05234375
0 0.28828125 0.08203125 0.0125 0.0328125
0 0.2421875 0.0890625 0.0140625 0.04296875
0 0.2390625 0.04765625 0.01484375 0.03984375
0 0.1921875 0.04609375 0.0203125 0.046875
0 0.12109375 0.04609375 0.021875 0.04296875
0 0.0953125 0.04921875 0.0171875 0.046875
0 0.08125 0.05390625 0.02265625 0.0453125
0 0.00703125 0.03359375 0.0140625 0.05390625
0 0.17109375 0.05859375 0.01171875 0.03125