0 0.9328125 0.39375 0.01953125 0.040625
0 0.8859375 0.384375 0.0125 0.04140625
0 0.8296875 0.41015625 0.015625 0.0359375
0 0.7390625 0.375 0.0171875 0.0359375
0 0.65078125 0.3859375 0.0109375 0.034375
0 0.6140625 0.3671875 0.0109375 0.034375
0 0.60078125 0.359375 0.01640625 0.0359375
0 0.5578125 0.38125 0.0109375 0.03046875
0 0.51484375 0.38046875 0.0109375 0.034375
0 0.48671875 0.375 0.01484375 0.0328125
0 0.4046875 0.3546875 0.0109375 0.03203125
0 0.3765625 0.37734375 0.015625 0.03203125
0 0.32890625 0.371875 0.015625 0.03203125
0 0.271875 0.37890625 0.009375 0.034375
0 0.24140625 0.39375 0.015625 0.02734375
0 0.1828125 0.3703125 0.01484375 0.03203125
0 0.159375 0.375 0.00703125 0.01328125
0 0.1109375 0.38125 0.01171875 0.02421875
0 0.0453125 0.378125 0.01640625 0.02734375
0 0.7046875 0.40234375 0.01484375 0.02890625
0 0.74765625 0.37265625 0.01640625 0.0390625