0 0.1390625 0.7734375 0.08125 0.0734375
0 0.446875 0.65234375 0.0359375 0.0265625
0 0.7453125 0.6375 0.0546875 0.06171875
1 0.4359375 0.49921875 0.2828125 0.24375
0 0.81953125 0.36015625 0.059375 0.0625
0 0.92109375 0.065625 0.0640625 0.06171875
0 0.77265625 0.02265625 0.03046875 0.02890625
0 0.54765625 0.0453125 0.025 0.02265625
0 0.42421875 0.14453125 0.02265625 0.02109375
0 0.34296875 0.1296875 0.02734375 0.025
0 0.3015625 0.12734375 0.0203125 0.01953125
0 0.28203125 0.13984375 0.01875 0.01796875
0 0.2328125 0.1234375 0.0234375 0.02265625
0 0.1765625 0.12734375 0.021875 0.01796875
0 0.12421875 0.14296875 0.0125 0.01640625
0 0.1 0.12265625 0.01640625 0.01875
0 0.09453125 0.13203125 0.0265625 0.021875
0 0.0421875 0.1296875 0.02265625 0.01875
0 0.03046875 0.1421875 0.01953125 0.01484375