0 0.26953125 0.03515625 0.0375 0.03125
0 0.23984375 0.08359375 0.05 0.04453125
0 0.16484375 0.1609375 0.07421875 0.07109375
0 0.5046875 0.09140625 0.1140625 0.103125
0 0.7015625 0.08515625 0.10625 0.09765625
0 0.509375 0.37890625 0.090625 0.0734375
0 0.62109375 0.390625 0.0609375 0.065625
0 0.25078125 0.50234375 0.0390625 0.071875
0 0.4 0.75390625 0.0453125 0.040625
0 0.1625 0.8078125 0.028125 0.02734375
0 0.1875 0.79765625 0.01953125 0.01953125
0 0.2453125 0.78125 0.025 0.0234375
0 0.6671875 0.79296875 0.028125 0.03515625
0 0.828125 0.771875 0.0328125 0.04140625
0 0.91640625 0.79609375 0.05546875 0.03984375
0 0.8546875 0.1859375 0.084375 0.0796875
0 0.9734375 0.12890625 0.05 0.07421875
0 0.29921875 0.603125 0.0671875 0.05234375
0 0.41796875 0.57734375 0.0609375 0.05546875
0 0.73671875 0.79609375 0.03046875 0.03671875
0 0.71171875 0.8265625 0.03515625 0.03203125
0 0.0546875 0.80390625 0.0296875 0.028125
0 0.11640625 0.83203125 0.02265625 0.03515625
0 0.4421875 0.03359375 0.06953125 0.06171875
0 0.5359375 0.78515625 0.03046875 0.028125
0 0.48984375 0.78359375 0.03828125 0.03359375
0 0.98359375 0.790625 0.03125 0.02734375