0 0.725 0.196875 0.1109375 0.16328125
0 0.5734375 0.33203125 0.03046875 0.04140625
0 0.42734375 0.30234375 0.090625 0.15390625
0 0.12890625 0.4640625 0.0625 0.09921875
0 0.209375 0.4109375 0.03828125 0.0546875
0 0.0640625 0.384375 0.04375 0.0546875
0 0.13359375 0.31484375 0.02421875 0.0390625
0 0.02421875 0.29921875 0.0296875 0.04140625
0 0.2 0.31015625 0.0234375 0.0421875
0 0.25859375 0.27421875 0.01875 0.028125
0 0.1625 0.2984375 0.0203125 0.0328125
0 0.175 0.23828125 0.01953125 0.0265625
0 0.2609375 0.2328125 0.01953125 0.0265625
0 0.5203125 0.31015625 0.0265625 0.04609375
0 0.5171875 0.22734375 0.01953125 0.03046875
0 0.603125 0.2625 0.025 0.0390625
0 0.58359375 0.13984375 0.02265625 0.0375