0 0.27265625 0.82109375 0.0296875 0.05
0 0.0921875 0.68984375 0.02734375 0.046875
0 0.225 0.46875 0.0234375 0.03828125
0 0.2875 0.49765625 0.02734375 0.05546875
0 0.4578125 0.39921875 0.0171875 0.04375
0 0.4859375 0.4125 0.0234375 0.03828125
0 0.5734375 0.40703125 0.0234375 0.04140625
0 0.59296875 0.5921875 0.01875 0.03359375
0 0.66015625 0.48046875 0.0234375 0.05
0 0.67109375 0.42109375 0.0203125 0.03203125
0 0.753125 0.43359375 0.0265625 0.0515625
0 0.81640625 0.4515625 0.0234375 0.04296875
0 0.63046875 0.45546875 0.0109375 0.0234375
0 0.3390625 0.49375 0.00859375 0.0203125
0 0.3953125 0.4 0.02734375 0.0453125