0 0.053125 0.834375 0.021875 0.06640625
0 0.3140625 0.7453125 0.01953125 0.06171875
0 0.321875 0.9390625 0.0171875 0.06640625
0 0.378125 0.8484375 0.0171875 0.046875
0 0.2640625 0.87421875 0.0125 0.05546875
0 0.3484375 0.2125 0.00859375 0.03203125
0 0.38984375 0.2046875 0.0078125 0.02109375
0 0.4109375 0.2078125 0.0078125 0.02734375
0 0.41796875 0.29140625 0.009375 0.0359375
0 0.47109375 0.3703125 0.0109375 0.02734375
0 0.50859375 0.2171875 0.0109375 0.0296875
0 0.5296875 0.28984375 0.0125 0.03828125
0 0.565625 0.3890625 0.0125 0.04453125
0 0.32890625 0.4203125 0.0125 0.03828125
0 0.29453125 0.459375 0.01484375 0.04453125
0 0.26171875 0.44453125 0.0078125 0.03203125
0 0.47421875 0.6640625 0.01875 0.0578125
0 0.51484375 0.65703125 0.0171875 0.05546875
0 0.66640625 0.23671875 0.00859375 0.034375
0 0.61328125 0.36171875 0.009375 0.0359375
0 0.74453125 0.39140625 0.0109375 0.0359375
0 0.77421875 0.29140625 0.009375 0.03203125
0 0.909375 0.134375 0.0125 0.034375
0 0.93984375 0.12265625 0.0109375 0.040625
0 0.86171875 0.57109375 0.01484375 0.04296875
0 0.95 0.8359375 0.0203125 0.0640625
0 0.8109375 0.73671875 0.01484375 0.0578125
0 0.6546875 0.76640625 0.01875 0.06171875
0 0.71171875 0.47734375 0.0109375 0.04296875
0 0.95703125 0.41875 0.0078125 0.02734375
0 0.99140625 0.740625 0.015625 0.053125
0 0.0328125 0.371875 0.0140625 0.04453125
0 0.0609375 0.33125 0.0125 0.0359375
0 0.08515625 0.2984375 0.015625 0.034375
0 0.196875 0.20390625 0.0078125 0.03203125
0 0.16875 0.39765625 0.0125 0.0359375
0 0.103125 0.54140625 0.0125 0.046875
0 0.0515625 0.6640625 0.0140625 0.040625
0 0.60078125 0.7796875 0.009375 0.04453125
0 0.7875 0.38203125 0.0109375 0.034375
0 0.315625 0.20078125 0.00625 0.0296875
0 0.53828125 0.2421875 0.00703125 0.02734375
0 0.84296875 0.215625 0.00859375 0.0296875
0 0.821875 0.465625 0.0125 0.0359375
0 0.8375 0.4453125 0.00859375 0.034375
0 0.71640625 0.26015625 0.01484375 0.0296875
0 0.63828125 0.25703125 0.0125 0.02734375
0 0.6390625 0.30078125 0.01171875 0.034375
0 0.29609375 0.8015625 0.0203125 0.03828125