0 0.4515625 0.6359375 0.03203125 0.0890625
0 0.2390625 0.55859375 0.0359375 0.0921875
0 0.08125 0.64921875 0.040625 0.0859375
0 0.26953125 0.47421875 0.03125 0.08359375
0 0.3796875 0.4140625 0.0265625 0.0875
0 0.2078125 0.3828125 0.0375 0.06953125
0 0.08203125 0.440625 0.040625 0.07890625
0 0.3890625 0.28203125 0.03203125 0.08359375
0 0.4203125 0.2046875 0.0265625 0.0671875
0 0.409375 0.12734375 0.0328125 0.0671875
0 0.27578125 0.115625 0.0265625 0.065625
0 0.228125 0.159375 0.0359375 0.07890625
0 0.08515625 0.290625 0.03828125 0.07890625
0 0.059375 0.16875 0.0359375 0.0640625
0 0.1328125 0.07890625 0.0328125 0.07109375
0 0.30390625 0.03125 0.02265625 0.05078125
0 0.1734375 0.02265625 0.0296875 0.02109375
0 0.06015625 0.009375 0.0296875 0.01875
0 0.9171875 0.646875 0.0328125 0.084375
0 0.7859375 0.5875 0.0421875 0.084375
0 0.56953125 0.63671875 0.02421875 0.08203125
0 0.9 0.43515625 0.0421875 0.08046875
0 0.753125 0.42578125 0.0375 0.06953125
0 0.56875 0.45859375 0.03515625 0.07265625
0 0.58671875 0.2953125 0.03203125 0.07109375
0 0.76953125 0.31953125 0.03125 0.059375
0 0.7515625 0.28671875 0.03203125 0.059375
0 0.9125 0.27265625 0.0375 0.07578125
0 0.8890625 0.3078125 0.02421875 0.059375
0 0.925 0.16875 0.025 0.0578125
0 0.8203125 0.17578125 0.0296875 0.0546875
0 0.7234375 0.1015625 0.03125 0.06953125
0 0.6078125 0.1140625 0.028125 0.059375
0 0.5453125 0.125 0.0203125 0.0625
0 0.76171875 0.0484375 0.0296875 0.0609375
0 0.6671875 0.02734375 0.0234375 0.0546875
0 0.57109375 0.240625 0.03203125 0.06796875