0 0.025 0.47109375 0.046875 0.1125
0 0.07734375 0.6234375 0.0578125 0.13203125
0 0.1734375 0.63203125 0.0515625 0.10859375
0 0.21796875 0.6921875 0.05859375 0.13515625
0 0.45390625 0.6671875 0.034375 0.13515625
0 0.59296875 0.32265625 0.04609375 0.13203125
0 0.65234375 0.3625 0.05859375 0.1171875
0 0.72578125 0.35546875 0.0578125 0.10546875
0 0.86015625 0.3140625 0.05625 0.13359375
0 0.93671875 0.3109375 0.05859375 0.1265625
0 0.92890625 0.20703125 0.05 0.10234375
0 0.4328125 0.48828125 0.034375 0.128125