0 0.0609375 0.28671875 0.00859375 0.07109375
0 0.09765625 0.2234375 0.01953125 0.07421875
0 0.178125 0.2578125 0.01171875 0.06796875
0 0.2484375 0.1984375 0.015625 0.084375
0 0.309375 0.17109375 0.01484375 0.07109375
0 0.371875 0.17421875 0.015625 0.084375
0 0.4296875 0.21328125 0.01171875 0.06796875
0 0.4859375 0.21875 0.01640625 0.078125
0 0.546875 0.259375 0.0140625 0.0640625
0 0.60625 0.23203125 0.01484375 0.0640625
0 0.6796875 0.221875 0.01171875 0.07109375
0 0.77265625 0.1984375 0.01640625 0.078125
0 0.41484375 0.2640625 0.0109375 0.07421875
0 0.81875 0.31015625 0.0125 0.078125