0 0.75703125 0.375 0.03203125 0.04921875
0 0.71171875 0.3921875 0.03046875 0.0453125
0 0.6375 0.40390625 0.02734375 0.04921875
0 0.6203125 0.3265625 0.03125 0.0453125
0 0.5421875 0.33671875 0.02421875 0.0375
0 0.47109375 0.31796875 0.03046875 0.04140625
0 0.409375 0.3546875 0.02265625 0.03515625
0 0.35 0.353125 0.02734375 0.04296875
0 0.31640625 0.34296875 0.0296875 0.0453125
0 0.25625 0.38828125 0.03046875 0.04140625
0 0.246875 0.43515625 0.021875 0.02890625
0 0.18671875 0.4 0.028125 0.04453125
0 0.60546875 0.69921875 0.021875 0.03125