0 0.05625 0.12578125 0.03984375 0.06875
0 0.14921875 0.15859375 0.0359375 0.0578125
0 0.240625 0.12265625 0.03515625 0.06171875
0 0.39140625 0.07421875 0.03515625 0.06640625
0 0.49765625 0.10390625 0.0359375 0.06484375
0 0.559375 0.1328125 0.0359375 0.0546875
0 0.63984375 0.13828125 0.0375 0.06171875
0 0.73515625 0.14609375 0.0421875 0.06484375
0 0.84375 0.175 0.0390625 0.06796875
0 0.9703125 0.12265625 0.04609375 0.07890625
0 0.896875 0.45390625 0.05 0.084375
0 0.7859375 0.42421875 0.0421875 0.07890625
0 0.67109375 0.40546875 0.040625 0.08203125
0 0.5671875 0.378125 0.03828125 0.06328125
0 0.22265625 0.3421875 0.05078125 0.0875
0 0.090625 0.41640625 0.04296875 0.071875