0 0.121875 0.1921875 0.03828125 0.05859375
0 0.20390625 0.27890625 0.03984375 0.06328125
0 0.24921875 0.21640625 0.03203125 0.05859375
0 0.315625 0.2921875 0.0375 0.06015625
0 0.34296875 0.2265625 0.0328125 0.06015625
0 0.3703125 0.32578125 0.02734375 0.03984375
0 0.421875 0.2359375 0.0328125 0.06171875
0 0.45234375 0.27890625 0.034375 0.06328125
0 0.54140625 0.28125 0.03046875 0.05859375
0 0.51875 0.22890625 0.03046875 0.06015625
0 0.45 0.39453125 0.0359375 0.05703125
0 0.628125 0.2828125 0.034375 0.06171875
0 0.6234375 0.22109375 0.03046875 0.05859375
0 0.715625 0.23828125 0.03203125 0.06328125
0 0.71953125 0.37109375 0.0265625 0.03984375
0 0.76171875 0.3078125 0.03515625 0.06328125
0 0.834375 0.25546875 0.034375 0.06015625
0 0.8640625 0.33671875 0.03828125 0.0703125
0 0.6453125 0.4796875 0.03203125 0.0515625
0 0.56171875 0.48359375 0.0328125 0.05703125
0 0.6296875 0.59296875 0.028125 0.05
0 0.253125 0.35625 0.0375 0.065625
0 0.178125 0.4484375 0.02421875 0.03671875