0 0.14765625 0.3578125 0.0484375 0.078125
0 0.196875 0.34296875 0.03828125 0.0609375
0 0.25078125 0.41484375 0.0390625 0.0484375
0 0.28515625 0.46015625 0.0453125 0.0609375
0 0.3578125 0.4359375 0.03125 0.040625
0 0.3671875 0.37109375 0.0453125 0.04921875
0 0.44140625 0.37421875 0.04296875 0.071875
0 0.509375 0.396875 0.03828125 0.05625
0 0.628125 0.3859375 0.040625 0.0640625
0 0.6734375 0.3640625 0.03515625 0.05625
0 0.77578125 0.3703125 0.03203125 0.040625
0 0.7453125 0.33984375 0.03984375 0.06015625
0 0.9296875 0.3453125 0.04296875 0.05625
0 0.4265625 0.5015625 0.04609375 0.05625
0 0.61015625 0.59765625 0.03984375 0.0546875
0 0.7046875 0.678125 0.0390625 0.0546875
0 0.73125 0.4984375 0.040625 0.0609375
0 0.2265625 0.6765625 0.04296875 0.05859375
0 0.25859375 0.759375 0.0453125 0.0609375
0 0.1390625 0.44609375 0.04609375 0.071875