0 0.1015625 0.459375 0.03515625 0.0484375
0 0.13515625 0.41484375 0.03203125 0.053125
0 0.17734375 0.4125 0.03203125 0.0484375
0 0.22734375 0.46328125 0.0296875 0.05234375
0 0.26015625 0.4265625 0.03203125 0.0484375
0 0.33125 0.396875 0.0265625 0.04453125
0 0.36484375 0.45703125 0.0265625 0.04453125
0 0.4390625 0.421875 0.0265625 0.04140625
0 0.471875 0.43828125 0.02734375 0.0484375
0 0.5484375 0.46328125 0.02421875 0.03671875
0 0.55703125 0.52109375 0.0359375 0.06015625
0 0.271875 0.5484375 0.034375 0.0546875
0 0.36015625 0.61015625 0.034375 0.053125
0 0.459375 0.54375 0.0296875 0.0484375
0 0.59453125 0.5640625 0.034375 0.05703125
0 0.7 0.5515625 0.03046875 0.05078125
0 0.63203125 0.4625 0.025 0.0375
0 0.659375 0.4234375 0.0265625 0.04296875
0 0.73984375 0.52734375 0.0265625 0.04453125
0 0.76640625 0.4703125 0.02734375 0.0390625
0 0.82578125 0.47421875 0.03203125 0.04921875
0 0.790625 0.56015625 0.03828125 0.0546875
0 0.8921875 0.46171875 0.0328125 0.05078125