0 0.6796875 0.45078125 0.0375 0.05859375
0 0.078125 0.1328125 0.025 0.0453125
0 0.16484375 0.13359375 0.021875 0.040625
0 0.26484375 0.1484375 0.0234375 0.0421875
0 0.3109375 0.2640625 0.0078125 0.01640625
0 0.20234375 0.121875 0.00390625 0.00859375
0 0.23125 0.13359375 0.00390625 0.00859375
0 0.22578125 0.1265625 0.00390625 0.00703125
0 0.19609375 0.11953125 0.0046875 0.01015625
0 0.2984375 0.1375 0.0046875 0.00859375
0 0.2890625 0.13203125 0.00390625 0.01171875
0 0.28125 0.121875 0.00390625 0.00859375
0 0.31328125 0.10546875 0.00625 0.00859375
0 0.31796875 0.08984375 0.0046875 0.00703125
0 0.36328125 0.09140625 0.00390625 0.01015625
0 0.3765625 0.23046875 0.00390625 0.00703125
0 0.3359375 0.2234375 0.00625 0.01015625
0 0.23203125 0.1203125 0.0046875 0.00859375