0 0.228125 0.50546875 0.078125 0.11875
0 0.1609375 0.2359375 0.06328125 0.10703125
0 0.3640625 0.29375 0.0546875 0.0984375
0 0.390625 0.196875 0.0453125 0.0734375
0 0.4828125 0.50703125 0.06171875 0.10859375
0 0.584375 0.63828125 0.0671875 0.15625
0 0.815625 0.428125 0.0734375 0.153125
0 0.93046875 0.0859375 0.05 0.08671875
0 0.78671875 0.3234375 0.059375 0.103125
0 0.51875 0.2390625 0.065625 0.1046875
0 0.66328125 0.09453125 0.03984375 0.06875
0 0.75859375 0.17734375 0.0421875 0.06015625
0 0.65703125 0.21328125 0.05 0.08203125
0 0.74375 0.2765625 0.04609375 0.0734375
0 0.07734375 0.225 0.0328125 0.05859375
0 0.41875 0.23125 0.0234375 0.03984375
0 0.425 0.26484375 0.0203125 0.03828125
0 0.021875 0.2421875 0.028125 0.0453125
0 0.38046875 0.1265625 0.01484375 0.01796875