0 0.02421875 0.275 0.015625 0.02734375
0 0.075 0.29609375 0.03203125 0.0453125
0 0.11875 0.31015625 0.01640625 0.02578125
0 0.27421875 0.271875 0.0125 0.025
0 0.36171875 0.2859375 0.02421875 0.040625
0 0.3296875 0.3796875 0.0171875 0.03515625
0 0.38671875 0.2734375 0.0140625 0.0234375
0 0.440625 0.3765625 0.0234375 0.0375
0 0.5421875 0.31875 0.03828125 0.078125
0 0.52734375 0.3375 0.01953125 0.0375
0 0.9046875 0.3421875 0.02734375 0.040625
0 0.96015625 0.2984375 0.01953125 0.02890625
0 0.68984375 0.334375 0.01875 0.02890625
0 0.77265625 0.31171875 0.0171875 0.025
0 0.8171875 0.37109375 0.02734375 0.03359375
0 0.69296875 0.2796875 0.01484375 0.021875
0 0.86171875 0.33203125 0.0203125 0.03125