0 0.6546875 0.62890625 0.03046875 0.0703125
0 0.78984375 0.41796875 0.0375 0.090625
0 0.89375 0.2328125 0.0328125 0.0890625
0 0.74375 0.2203125 0.0265625 0.07421875
0 0.64921875 0.28515625 0.02421875 0.05546875
0 0.86640625 0.24765625 0.01953125 0.03984375
0 0.9046875 0.14609375 0.0203125 0.03515625
0 0.95625 0.121875 0.02265625 0.0421875
0 0.57734375 0.1890625 0.0265625 0.05390625
0 0.5171875 0.225 0.0265625 0.04375
0 0.675 0.1765625 0.01640625 0.03203125
0 0.803125 0.0671875 0.01953125 0.03515625
0 0.76484375 0.1015625 0.015625 0.028125
0 0.78203125 0.06875 0.0125 0.0265625
0 0.62890625 0.1953125 0.015625 0.03359375
0 0.45234375 0.1265625 0.0125 0.025
0 0.53671875 0.1265625 0.0125 0.01875
0 0.5765625 0.0984375 0.0125 0.021875
0 0.4734375 0.21328125 0.0140625 0.0265625
0 0.21796875 0.4125 0.034375 0.05859375
0 0.3609375 0.35546875 0.03203125 0.05234375
0 0.28203125 0.3234375 0.0234375 0.03515625
0 0.190625 0.35 0.0203125 0.03359375
0 0.4171875 0.30078125 0.0125 0.0265625
0 0.01640625 0.546875 0.0203125 0.05546875
0 0.06875 0.4546875 0.01953125 0.03203125
0 0.08046875 0.39765625 0.01484375 0.0265625
0 0.1515625 0.38125 0.01640625 0.03515625
0 0.41484375 0.2453125 0.0109375 0.0203125
0 0.4078125 0.2203125 0.0109375 0.021875
0 0.353125 0.2609375 0.01953125 0.03046875
0 0.3671875 0.16796875 0.01171875 0.0234375
0 0.32265625 0.19375 0.0125 0.01875
0 0.29375 0.2609375 0.0125 0.021875
0 0.25859375 0.20859375 0.01171875 0.01875
0 0.23984375 0.28359375 0.01875 0.03203125
0 0.2390625 0.24609375 0.0140625 0.01875
0 0.23984375 0.21015625 0.00859375 0.0171875
0 0.19609375 0.2421875 0.0109375 0.01875
0 0.20390625 0.30234375 0.01171875 0.0203125
0 0.16796875 0.35078125 0.015625 0.0234375
0 0.159375 0.27734375 0.00859375 0.01640625
0 0.22109375 0.190625 0.0109375 0.01640625
0 0.2078125 0.19765625 0.0078125 0.0171875
0 0.175 0.21640625 0.00859375 0.01484375
0 0.15703125 0.23984375 0.0109375 0.0234375
0 0.13984375 0.240625 0.0109375 0.025
0 0.1203125 0.35234375 0.01484375 0.0265625
0 0.075 0.2703125 0.00859375 0.0171875
0 0.06015625 0.27109375 0.00859375 0.01875
0 0.03203125 0.35546875 0.0125 0.0234375
0 0.059375 0.31875 0.01875 0.03203125
0 0.01640625 0.2984375 0.0140625 0.0171875
0 0.03203125 0.40859375 0.015625 0.028125
0 0.00859375 0.3625 0.0125 0.0234375
0 0.69140625 0.2671875 0.0328125 0.0625
0 0.4875 0.30859375 0.025 0.05
0 0.459375 0.28984375 0.02265625 0.03203125
0 0.12421875 0.29609375 0.015625 0.028125
0 0.1 0.303125 0.015625 0.03359375
0 0.1296875 0.40859375 0.02421875 0.03359375
0 0.04609375 0.5546875 0.03046875 0.065625