0 0.73828125 0.36796875 0.01171875 0.028125
0 0.803125 0.3953125 0.015625 0.03515625
0 0.8171875 0.4359375 0.0125 0.03359375
0 0.24140625 0.175 0.0203125 0.028125
0 0.3328125 0.1453125 0.0171875 0.03203125
0 0.4125 0.35703125 0.0171875 0.0265625
0 0.40703125 0.11171875 0.01640625 0.028125
0 0.55859375 0.1453125 0.015625 0.02890625
0 0.48125 0.1046875 0.01640625 0.025
0 0.48671875 0.053125 0.01484375 0.028125
0 0.5359375 0.015625 0.01484375 0.025
0 0.5484375 0.06640625 0.009375 0.01875
0 0.7078125 0.10703125 0.0171875 0.02890625
0 0.8625 0.10078125 0.0125 0.0203125
0 0.79609375 0.034375 0.01171875 0.028125
0 0.86875 0.02578125 0.01171875 0.01015625
0 0.01328125 0.08359375 0.01875 0.0234375
0 0.1765625 0.48515625 0.01953125 0.021875
0 0.240625 0.0125 0.01484375 0.01875
0 0.159375 0.0234375 0.0171875 0.0234375