0 0.71171875 0.1578125 0.075 0.06328125
0 0.90625 0.11875 0.046875 0.05
0 0.809375 0.14140625 0.02421875 0.02109375
0 0.959375 0.09296875 0.0265625 0.02421875
0 0.3890625 0.378125 0.046875 0.0453125
0 0.528125 0.38515625 0.04765625 0.05
0 0.55 0.43125 0.084375 0.06796875
0 0.190625 0.5015625 0.1671875 0.08828125
0 0.828125 0.60859375 0.1421875 0.1453125
0 0.77265625 0.15859375 0.01875 0.01640625
0 0.58359375 0.16484375 0.0203125 0.01796875
0 0.06953125 0.25703125 0.01953125 0.021875
0 0.1015625 0.21953125 0.01953125 0.01484375
0 0.11171875 0.24375 0.0203125 0.01875
0 0.13984375 0.23515625 0.021875 0.0234375
0 0.17421875 0.23671875 0.0203125 0.0203125
0 0.1578125 0.2265625 0.0078125 0.009375
0 0.178125 0.25546875 0.0234375 0.0265625
0 0.22578125 0.26171875 0.0234375 0.0234375
0 0.19921875 0.228125 0.021875 0.01953125
0 0.2828125 0.2203125 0.01953125 0.01953125
0 0.2984375 0.2140625 0.021875 0.021875
0 0.353125 0.20703125 0.02421875 0.021875
0 0.40703125 0.2 0.0171875 0.0171875
0 0.453125 0.21640625 0.0296875 0.0296875
0 0.4734375 0.20703125 0.01171875 0.01640625
0 0.5046875 0.21171875 0.0265625 0.0265625
0 0.5296875 0.14609375 0.021875 0.03046875
0 0.6546875 0.17734375 0.0203125 0.02421875
0 0.67578125 0.15859375 0.01953125 0.02109375