0 0.4859375 0.5234375 0.04765625 0.1359375
0 0.6390625 0.42109375 0.0203125 0.0421875
0 0.66171875 0.34765625 0.00859375 0.01875
0 0.6234375 0.3453125 0.0140625 0.0234375
0 0.5546875 0.353125 0.0140625 0.0234375
0 0.5453125 0.35625 0.00703125 0.01640625
0 0.51328125 0.340625 0.0125 0.028125
0 0.490625 0.34609375 0.0234375 0.03984375
0 0.43046875 0.3546875 0.015625 0.03046875
0 0.36640625 0.35234375 0.0359375 0.06875
0 0.38125 0.32421875 0.01953125 0.03671875
0 0.396875 0.34765625 0.0125 0.025
0 0.3109375 0.33515625 0.015625 0.03203125
0 0.284375 0.3390625 0.028125 0.0453125
0 0.23828125 0.3421875 0.021875 0.03671875
0 0.19765625 0.34453125 0.0265625 0.03984375
0 0.1265625 0.34453125 0.06328125 0.1125