0 0.709375 0.10625 0.0171875 0.03125
0 0.79453125 0.0890625 0.02421875 0.04453125
0 0.4078125 0.071875 0.01484375 0.025
0 0.35234375 0.10234375 0.01171875 0.01796875
0 0.315625 0.0703125 0.015625 0.025
0 0.0734375 0.05859375 0.01640625 0.034375
0 0.13984375 0.071875 0.02265625 0.04296875
0 0.1796875 0.0625 0.0234375 0.0390625
0 0.2234375 0.04296875 0.015625 0.0265625
0 0.246875 0.0671875 0.0234375 0.0328125
0 0.02421875 0.0375 0.00703125 0.01171875
0 0.03984375 0.05078125 0.0078125 0.01171875
0 0.11015625 0.0703125 0.015625 0.025
0 0.63984375 0.075 0.009375 0.01640625
0 0.7671875 0.13515625 0.00625 0.01484375
0 0.75859375 0.10703125 0.00859375 0.01484375
0 0.740625 0.10859375 0.00703125 0.01171875
0 0.7296875 0.10234375 0.009375 0.01796875
0 0.3875 0.390625 0.03515625 0.04921875
0 0.53203125 0.26328125 0.03203125 0.05625
0 0.446875 0.07421875 0.0234375 0.0390625
0 0.515625 0.0953125 0.0140625 0.0234375
0 0.5421875 0.11171875 0.01484375 0.0234375
0 0.58046875 0.07734375 0.01640625 0.0359375
0 0.646875 0.11875 0.0125 0.0265625
0 0.6859375 0.11328125 0.01484375 0.0296875
0 0.00703125 0.01640625 0.01171875 0.01796875
0 0.5515625 0.09296875 0.0109375 0.01953125
0 0.56328125 0.07578125 0.01484375 0.0234375
0 0.825 0.1 0.01875 0.0265625
0 0.4265625 0.08359375 0.009375 0.02109375
0 0.371875 0.06796875 0.015625 0.025
0 0.3515625 0.065625 0.01953125 0.02109375
0 0.4984375 0.103125 0.00625 0.01015625
0 0.15234375 0.06875 0.009375 0.01796875
0 0.34921875 0.08671875 0.00859375 0.01015625
0 0.34140625 0.10234375 0.00703125 0.01171875
0 0.33515625 0.090625 0.0046875 0.01171875