0 0.19609375 0.37109375 0.03984375 0.078125
0 0.675 0.65625 0.02734375 0.03671875
0 0.78203125 0.63125 0.03046875 0.0515625
0 0.878125 0.63046875 0.025 0.05859375
0 0.88671875 0.634375 0.01953125 0.06171875
0 0.940625 0.62109375 0.02734375 0.05078125
0 0.98828125 0.6359375 0.01953125 0.05625
0 0.9828125 0.5078125 0.01953125 0.0421875
0 0.634375 0.6296875 0.02265625 0.04375
0 0.6671875 0.52890625 0.01640625 0.03515625
0 0.7359375 0.49453125 0.0203125 0.03828125
0 0.6953125 0.46796875 0.01953125 0.0421875
0 0.7703125 0.4765625 0.021875 0.03828125
0 0.815625 0.4375 0.021875 0.040625
0 0.25078125 0.65 0.0140625 0.0296875
0 0.2828125 0.51953125 0.01875 0.034375
0 0.2703125 0.6546875 0.01640625 0.02890625
0 0.2984375 0.66484375 0.015625 0.03125
0 0.3171875 0.65234375 0.01640625 0.02890625
0 0.3546875 0.6546875 0.01484375 0.02890625
0 0.37109375 0.6375 0.0171875 0.03984375
0 0.4046875 0.65 0.01484375 0.0296875
0 0.4640625 0.51875 0.01484375 0.02578125
0 0.4734375 0.63828125 0.01484375 0.02734375
0 0.4984375 0.64609375 0.01953125 0.04375
0 0.5328125 0.63671875 0.0171875 0.0296875
0 0.55546875 0.6375 0.01640625 0.03671875
0 0.6109375 0.5046875 0.0234375 0.03671875
0 0.57890625 0.45078125 0.0171875 0.0296875
0 0.85234375 0.33984375 0.01953125 0.0328125
0 0.9515625 0.27890625 0.015625 0.02734375
0 0.97734375 0.2421875 0.01484375 0.034375
0 0.8078125 0.23125 0.01640625 0.02578125
0 0.8921875 0.45078125 0.02265625 0.04375
0 0.65703125 0.41640625 0.0203125 0.04375
0 0.9859375 0.40078125 0.01171875 0.0234375
0 0.66953125 0.38203125 0.02265625 0.03671875
0 0.096875 0.6546875 0.01484375 0.03125
0 0.071875 0.6625 0.01484375 0.0328125
0 0.1859375 0.81796875 0.0234375 0.03125
0 0.1109375 0.628125 0.01484375 0.0328125
0 0.12578125 0.61328125 0.009375 0.021875