0 0.41640625 0.19453125 0.0515625 0.16328125
0 0.58359375 0.47578125 0.028125 0.10390625
0 0.4609375 0.49453125 0.05078125 0.12109375
0 0.7609375 0.453125 0.04609375 0.12265625
0 0.93203125 0.67109375 0.0421875 0.10546875
0 0.125 0.9609375 0.015625 0.040625
0 0.07734375 0.9546875 0.0140625 0.040625
0 0.134375 0.92578125 0.0171875 0.04765625
0 0.1796875 0.978125 0.015625 0.03671875
0 0.2296875 0.9234375 0.0140625 0.03046875
0 0.2625 0.94453125 0.01484375 0.03828125
0 0.259375 0.890625 0.0125 0.034375
0 0.225 0.8859375 0.0125 0.03671875
0 0.18359375 0.85625 0.0140625 0.034375
0 0.228125 0.8515625 0.01171875 0.0328125
0 0.26015625 0.8703125 0.0125 0.0328125
0 0.24296875 0.8203125 0.00859375 0.02890625
0 0.221875 0.74921875 0.01171875 0.02890625
0 0.14140625 0.85546875 0.01171875 0.02890625
0 0.04765625 0.86484375 0.0109375 0.025
0 0.0328125 0.9203125 0.009375 0.02890625
0 0.0671875 0.79375 0.0109375 0.02890625
0 0.0625 0.76171875 0.01171875 0.0265625
0 0.0203125 0.746875 0.00859375 0.02265625
0 0.0203125 0.87109375 0.00859375 0.0265625
0 0.1359375 0.765625 0.00859375 0.0265625
0 0.11875 0.76875 0.0109375 0.02890625
0 0.0828125 0.7390625 0.009375 0.0265625
0 0.0734375 0.90625 0.01171875 0.03046875
0 0.0921875 0.94375 0.0125 0.0328125
0 0.15546875 0.8140625 0.0125 0.034375
0 0.153125 0.73984375 0.0109375 0.02890625
0 0.21015625 0.78203125 0.0109375 0.025
0 0.1765625 0.78515625 0.009375 0.0265625
0 0.1 0.8359375 0.0125 0.02890625
0 0.26640625 0.8265625 0.01171875 0.0328125
0 0.30390625 0.9421875 0.015625 0.03828125
0 0.29453125 0.9125 0.0125 0.0328125
0 0.30859375 0.890625 0.0140625 0.03828125
0 0.1890625 0.6984375 0.00859375 0.0265625
0 0.0328125 0.95859375 0.0125 0.0328125
0 0.134375 0.8328125 0.0109375 0.03046875
0 0.13984375 0.68828125 0.009375 0.02890625
0 0.11015625 0.70078125 0.009375 0.0265625
0 0.17421875 0.88671875 0.01484375 0.03828125
0 0.0421875 0.68359375 0.0109375 0.0265625
0 0.071875 0.68828125 0.009375 0.02890625
0 0.0890625 0.59765625 0.0109375 0.025
0 0.20390625 0.6734375 0.0078125 0.02265625
0 0.1078125 0.81015625 0.0125 0.034375
0 0.24765625 0.759375 0.0109375 0.025
0 0.284375 0.8015625 0.009375 0.025
0 0.303125 0.78828125 0.0078125 0.025
0 0.1796875 0.74921875 0.0078125 0.02109375