0 0.10234375 0.45859375 0.015625 0.0515625
0 0.00703125 0.3421875 0.0140625 0.03125
0 0.02578125 0.28125 0.02265625 0.0484375
0 0.0421875 0.259375 0.01640625 0.03984375
0 0.11484375 0.26953125 0.02421875 0.04296875
0 0.2453125 0.3484375 0.01953125 0.04296875
0 0.0375 0.48203125 0.02265625 0.0453125
0 0.13203125 0.48671875 0.0234375 0.03984375
0 0.296875 0.4046875 0.021875 0.04296875
0 0.1765625 0.35234375 0.0234375 0.05859375
0 0.265625 0.25 0.021875 0.04140625
0 0.2796875 0.28984375 0.01875 0.03046875
0 0.30625 0.27265625 0.02265625 0.0484375
0 0.3203125 0.24609375 0.01953125 0.03984375
0 0.3453125 0.23984375 0.01484375 0.03046875
0 0.10546875 0.23203125 0.025 0.03828125
0 0.1578125 0.20859375 0.0234375 0.046875
0 0.12421875 0.18359375 0.01875 0.03203125
0 0.0328125 0.1078125 0.01953125 0.03671875
0 0.02109375 0.04296875 0.01640625 0.028125
0 0.08125 0.04296875 0.01875 0.03359375
0 0.1203125 0.09453125 0.01640625 0.03359375
0 0.1640625 0.065625 0.01953125 0.03359375
0 0.17109375 0.165625 0.0203125 0.03828125
0 0.20546875 0.16875 0.01875 0.03828125
0 0.20078125 0.1125 0.01640625 0.03671875
0 0.23359375 0.109375 0.0171875 0.03359375
0 0.2515625 0.0890625 0.015625 0.03359375
0 0.253125 0.04296875 0.0171875 0.03046875
0 0.17109375 0.01796875 0.01640625 0.0265625
0 0.22421875 0.20078125 0.01640625 0.03359375
0 0.2296875 0.1703125 0.0125 0.03203125
0 0.2359375 0.1625 0.01171875 0.028125
0 0.21328125 0.14453125 0.0125 0.028125
0 0.23359375 0.225 0.01171875 0.0265625
0 0.26953125 0.01953125 0.015625 0.028125
0 0.27265625 0.06171875 0.01484375 0.0234375
0 0.04140625 0.00625 0.0203125 0.0125
0 0.115625 0.02109375 0.015625 0.028125
0 0.29140625 0.1515625 0.01484375 0.0265625
0 0.2875 0.13125 0.01640625 0.03046875
0 0.3140625 0.13515625 0.01484375 0.0296875
0 0.3234375 0.08828125 0.01640625 0.03203125
0 0.35 0.08359375 0.015625 0.03515625
0 0.37578125 0.08671875 0.0140625 0.0234375
0 0.3875 0.12890625 0.01640625 0.03203125
0 0.28984375 0.18671875 0.01484375 0.0296875
0 0.27421875 0.2078125 0.01484375 0.028125
0 0.3015625 0.22109375 0.01875 0.03046875
0 0.31875 0.18125 0.015625 0.028125
0 0.32578125 0.21015625 0.01484375 0.0265625
0 0.33984375 0.17265625 0.0140625 0.028125
0 0.36875 0.171875 0.01875 0.0296875
0 0.3765625 0.2015625 0.01875 0.03046875
0 0.36015625 0.27578125 0.015625 0.0296875
0 0.396875 0.1578125 0.015625 0.03046875
0 0.40546875 0.12421875 0.01484375 0.03046875
0 0.43046875 0.16484375 0.01640625 0.0296875
0 0.415625 0.19140625 0.01640625 0.03046875
0 0.4234375 0.29921875 0.021875 0.04375
0 0.45390625 0.24921875 0.0125 0.03046875
0 0.4828125 0.29296875 0.02265625 0.03984375
0 0.50078125 0.253125 0.01640625 0.03359375
0 0.4890625 0.2015625 0.0171875 0.03203125
0 0.48046875 0.228125 0.0171875 0.03046875
0 0.47265625 0.17734375 0.015625 0.0296875
0 0.46640625 0.078125 0.01640625 0.0265625
0 0.5140625 0.10234375 0.0171875 0.03359375
0 0.43359375 0.0828125 0.015625 0.028125
0 0.41171875 0.07890625 0.01484375 0.025
0 0.51171875 0.1890625 0.015625 0.03671875
0 0.534375 0.2015625 0.01953125 0.03359375
0 0.39765625 0.05390625 0.0140625 0.03046875
0 0.4421875 0.05703125 0.015625 0.0296875
0 0.47421875 0.04765625 0.01640625 0.03046875
0 0.49765625 0.03984375 0.0125 0.0234375
0 0.51328125 0.0375 0.0125 0.025
0 0.45390625 0.11640625 0.01484375 0.025
0 0.40625 0.02890625 0.01171875 0.01875
0 0.44296875 0.03046875 0.01484375 0.028125
0 0.43125 0.03046875 0.01171875 0.021875
0 0.4828125 0.02578125 0.0140625 0.025
0 0.51875 0.009375 0.0140625 0.01875
0 0.54140625 0.06171875 0.0125 0.0265625
0 0.55546875 0.13828125 0.01484375 0.0296875
0 0.5703125 0.0921875 0.015625 0.03515625
0 0.6 0.109375 0.015625 0.025
0 0.62109375 0.06953125 0.01171875 0.025
0 0.6140625 0.0328125 0.01484375 0.028125
0 0.6375 0.0390625 0.01484375 0.028125
0 0.6515625 0.065625 0.0125 0.025
0 0.6671875 0.059375 0.0140625 0.028125
0 0.6859375 0.05546875 0.01171875 0.0296875
0 0.69609375 0.03671875 0.01484375 0.0234375
0 0.6609375 0.03984375 0.0140625 0.0234375
0 0.69921875 0.01640625 0.0140625 0.0234375
0 0.634375 0.090625 0.01171875 0.028125
0 0.675 0.090625 0.015625 0.03046875
0 0.703125 0.09140625 0.015625 0.028125
0 0.6859375 0.1359375 0.015625 0.03046875
0 0.621875 0.15703125 0.01640625 0.0265625
0 0.56875 0.1703125 0.0171875 0.0265625
0 0.61171875 0.2109375 0.01640625 0.03046875
0 0.6359375 0.21640625 0.0171875 0.03046875
0 0.65546875 0.19765625 0.01484375 0.025
0 0.68046875 0.17421875 0.01875 0.028125
0 0.7359375 0.17421875 0.0140625 0.028125
0 0.778125 0.16640625 0.015625 0.028125
0 0.6453125 0.2375 0.0171875 0.03046875
0 0.66328125 0.2328125 0.015625 0.028125
0 0.67265625 0.265625 0.0171875 0.03203125
0 0.59609375 0.25625 0.01875 0.03984375
0 0.57734375 0.28359375 0.0171875 0.03828125
0 0.6 0.28828125 0.0171875 0.03359375
0 0.6296875 0.28046875 0.01640625 0.03515625
0 0.55703125 0.3234375 0.01640625 0.03046875
0 0.5828125 0.33984375 0.0171875 0.03359375
0 0.60546875 0.33984375 0.015625 0.028125
0 0.6203125 0.33046875 0.01640625 0.03203125
0 0.66484375 0.32421875 0.01640625 0.03828125
0 0.62109375 0.36640625 0.015625 0.03671875
0 0.65 0.3921875 0.0171875 0.03515625
0 0.725 0.33515625 0.01953125 0.03828125
0 0.6953125 0.3 0.0171875 0.03046875
0 0.70234375 0.26953125 0.0171875 0.03671875
0 0.725 0.26640625 0.0171875 0.03671875
0 0.7140625 0.25625 0.01640625 0.03046875
0 0.75859375 0.2765625 0.015625 0.03046875
0 0.74375 0.321875 0.0125 0.03515625
0 0.759375 0.3265625 0.015625 0.03671875
0 0.76328125 0.3859375 0.01640625 0.03203125
0 0.77421875 0.32265625 0.01484375 0.03359375
0 0.76875 0.2421875 0.015625 0.0265625
0 0.5328125 0.4109375 0.02421875 0.04140625
0 0.53828125 0.53515625 0.021875 0.03671875
0 0.590625 0.534375 0.021875 0.03828125
0 0.65390625 0.52421875 0.02421875 0.04140625
0 0.659375 0.49765625 0.021875 0.04140625
0 0.66796875 0.428125 0.021875 0.0453125
0 0.78359375 0.47578125 0.02265625 0.046875
0 0.72734375 0.56875 0.02421875 0.0453125
0 0.73125 0.51328125 0.01640625 0.0453125
0 0.8078125 0.42734375 0.0203125 0.03203125
0 0.7921875 0.434375 0.01640625 0.03203125
0 0.84453125 0.4671875 0.01875 0.03515625
0 0.81875 0.5078125 0.0203125 0.03828125
0 0.80546875 0.5703125 0.021875 0.03671875
0 0.865625 0.5671875 0.02265625 0.04140625
0 0.821875 0.55859375 0.021875 0.0484375
0 0.8671875 0.4984375 0.0234375 0.03671875
0 0.89140625 0.48203125 0.0203125 0.03515625
0 0.8578125 0.43203125 0.01953125 0.0265625
0 0.9234375 0.5296875 0.021875 0.04296875
0 0.73046875 0.471875 0.01953125 0.03046875
0 0.9015625 0.43515625 0.0125 0.028125
0 0.93046875 0.4671875 0.0203125 0.04140625
0 0.80390625 0.34375 0.01875 0.0296875
0 0.95625 0.51953125 0.0203125 0.03203125
0 0.93671875 0.5796875 0.02265625 0.04375
0 0.9734375 0.63125 0.02734375 0.046875
0 0.95625 0.43828125 0.01875 0.03359375
0 0.98125 0.459375 0.0234375 0.04140625
0 0.93203125 0.41953125 0.01640625 0.03359375
0 0.915625 0.38984375 0.01640625 0.028125
0 0.928125 0.36953125 0.0171875 0.03046875
0 0.9515625 0.35390625 0.01875 0.03828125
0 0.96640625 0.32421875 0.01640625 0.0296875
0 0.9875 0.33359375 0.01640625 0.03828125
0 0.97578125 0.3921875 0.01484375 0.04140625
0 0.98515625 0.40078125 0.01484375 0.03203125
0 0.90546875 0.31953125 0.01484375 0.03359375
0 0.87578125 0.309375 0.0171875 0.03359375
0 0.8296875 0.4640625 0.01953125 0.03828125
0 0.740625 0.090625 0.01171875 0.021875
0 0.7640625 0.0484375 0.0125 0.0234375
0 0.71796875 0.059375 0.01171875 0.025
0 0.76875 0.096875 0.01484375 0.0265625
0 0.7671875 0.1140625 0.0140625 0.028125
0 0.77890625 0.146875 0.01640625 0.0296875
0 0.79296875 0.1265625 0.0140625 0.0265625
0 0.7921875 0.0484375 0.01484375 0.0234375
0 0.83671875 0.10078125 0.01484375 0.025
0 0.809375 0.19375 0.0171875 0.0296875
0 0.83984375 0.18203125 0.015625 0.03203125
0 0.8484375 0.184375 0.0140625 0.028125
0 0.85703125 0.1578125 0.01484375 0.028125
0 0.84609375 0.07265625 0.01484375 0.028125
0 0.86796875 0.08828125 0.0140625 0.0265625
0 0.871875 0.13671875 0.0140625 0.0265625
0 0.89765625 0.128125 0.0140625 0.028125
0 0.775 0.0796875 0.0140625 0.021875
0 0.78984375 0.06328125 0.0109375 0.0203125
0 0.815625 0.08359375 0.0109375 0.0203125
0 0.92890625 0.103125 0.015625 0.0296875
0 0.903125 0.18515625 0.0171875 0.0296875
0 0.8703125 0.159375 0.01640625 0.025
0 0.890625 0.28203125 0.0171875 0.03515625
0 0.9640625 0.22109375 0.0171875 0.03359375
0 0.9671875 0.18671875 0.015625 0.03203125
0 0.9328125 0.29375 0.01484375 0.0296875
0 0.96171875 0.296875 0.015625 0.03203125
0 0.98125 0.15859375 0.01640625 0.0296875
0 0.9953125 0.22578125 0.00703125 0.0234375
0 0.98203125 0.0875 0.0125 0.025
0 0.9859375 0.128125 0.0125 0.028125
0 0.940625 0.228125 0.01171875 0.025
0 0.8859375 0.21171875 0.0140625 0.0265625
0 0.8109375 0.16484375 0.015625 0.0234375
0 0.4 0.71171875 0.03046875 0.04296875
0 0.534375 0.74609375 0.028125 0.046875
0 0.5890625 0.72109375 0.028125 0.05546875
0 0.63203125 0.721875 0.028125 0.0546875
0 0.03984375 0.684375 0.028125 0.04375
0 0.44140625 0.378125 0.03125 0.06328125
0 0.334375 0.44765625 0.01953125 0.03828125
0 0.846875 0.02578125 0.009375 0.01640625
0 0.81875 0.021875 0.01171875 0.0203125
0 0.7640625 0.00625 0.009375 0.01171875
0 0.85625 0.0515625 0.0109375 0.0203125
0 0.7296875 0.03125 0.01171875 0.01875
0 0.32890625 0.3046875 0.0140625 0.028125
0 0.99375 0.2578125 0.0078125 0.025
0 0.57109375 0.21015625 0.0125 0.0203125
0 0.1296875 0.078125 0.0109375 0.0203125
0 0.20625 0.02265625 0.015625 0.021875