0 0.153125 0.41640625 0.059375 0.1484375
0 0.20390625 0.34921875 0.05 0.1046875
0 0.28046875 0.453125 0.05859375 0.13203125
0 0.3328125 0.38515625 0.0484375 0.109375
0 0.38125 0.35859375 0.0453125 0.1015625
0 0.38671875 0.57265625 0.0609375 0.1390625
0 0.44375 0.4421875 0.053125 0.10625
0 0.45625 0.5546875 0.05859375 0.13203125
0 0.48515625 0.37890625 0.040625 0.096875
0 0.5796875 0.51328125 0.0546875 0.13203125
0 0.575 0.3546875 0.040625 0.096875
0 0.65546875 0.4046875 0.05078125 0.11328125
0 0.7109375 0.575 0.05078125 0.1109375
0 0.8453125 0.43671875 0.05546875 0.11328125