0 0.9515625 0.73671875 0.02265625 0.0484375
0 0.9890625 0.65390625 0.01875 0.05234375
0 0.975 0.59296875 0.02265625 0.05234375
0 0.96015625 0.5296875 0.01953125 0.0453125
0 0.9953125 0.46484375 0.00703125 0.0484375
0 0.9390625 0.475 0.01953125 0.046875
0 0.86875 0.75 0.02265625 0.05390625
0 0.9 0.66015625 0.02265625 0.05390625
0 0.9 0.60625 0.0234375 0.046875
0 0.878125 0.521875 0.0234375 0.05390625
0 0.865625 0.50078125 0.0203125 0.0453125
0 0.88359375 0.42265625 0.021875 0.05
0 0.8421875 0.67109375 0.0234375 0.046875
0 0.79140625 0.72109375 0.02421875 0.046875
0 0.77109375 0.659375 0.02421875 0.05546875
0 0.8203125 0.60703125 0.025 0.0453125
0 0.79765625 0.528125 0.0203125 0.05234375
0 0.80234375 0.48984375 0.01875 0.04140625
0 0.78984375 0.43515625 0.02265625 0.05
0 0.7703125 0.38828125 0.02265625 0.046875
0 0.7265625 0.68828125 0.025 0.05234375
0 0.75 0.584375 0.021875 0.05
0 0.69453125 0.6296875 0.025 0.0578125
0 0.721875 0.56171875 0.021875 0.04140625
0 0.74140625 0.51953125 0.01953125 0.05
0 0.7296875 0.46328125 0.01953125 0.04140625
0 0.6734375 0.55 0.02265625 0.05390625
0 0.63359375 0.71796875 0.02421875 0.05
0 0.615625 0.60625 0.02421875 0.0578125
0 0.64375 0.53828125 0.021875 0.0453125
0 0.671875 0.49765625 0.0234375 0.0453125
0 0.6546875 0.38671875 0.0203125 0.0578125
0 0.634375 0.38828125 0.02265625 0.046875
0 0.97890625 0.3296875 0.0203125 0.0484375
0 0.90625 0.353125 0.01953125 0.0484375
0 0.88671875 0.35625 0.01953125 0.04296875
0 0.8171875 0.34765625 0.02265625 0.0375
0 0.7078125 0.35859375 0.0203125 0.0484375
0 0.75 0.34140625 0.01953125 0.04296875
0 0.596875 0.55546875 0.0234375 0.05390625
0 0.60078125 0.48046875 0.021875 0.02890625
0 0.54921875 0.7671875 0.0203125 0.0484375
0 0.5109375 0.784375 0.0359375 0.08984375
0 0.528125 0.62890625 0.0234375 0.05546875
0 0.54375 0.62890625 0.0140625 0.0453125
0 0.565625 0.5375 0.021875 0.05
0 0.5328125 0.5046875 0.021875 0.0484375
0 0.578125 0.41171875 0.021875 0.046875
0 0.5671875 0.3828125 0.0203125 0.03984375
0 0.52265625 0.39921875 0.021875 0.046875
0 0.46484375 0.765625 0.021875 0.0484375
0 0.3953125 0.74921875 0.021875 0.05234375
0 0.44609375 0.64296875 0.025 0.059375
0 0.45234375 0.565625 0.0234375 0.05234375
0 0.48125 0.48984375 0.02421875 0.05234375
0 0.45859375 0.47265625 0.0203125 0.05390625
0 0.446875 0.4203125 0.0203125 0.0484375
0 0.3828125 0.66328125 0.01953125 0.05
0 0.39375 0.5296875 0.01875 0.05234375
0 0.3609375 0.55234375 0.02265625 0.0609375
0 0.39453125 0.46953125 0.021875 0.05
0 0.38203125 0.38203125 0.0203125 0.05234375
0 0.3421875 0.3703125 0.0203125 0.04296875
0 0.309375 0.72734375 0.0234375 0.0484375
0 0.3171875 0.665625 0.0234375 0.05390625
0 0.3140625 0.53359375 0.0234375 0.0484375
0 0.26484375 0.55859375 0.02265625 0.0484375
0 0.31875 0.48046875 0.021875 0.04296875
0 0.315625 0.4109375 0.021875 0.0484375
0 0.23359375 0.7046875 0.0265625 0.0609375
0 0.2484375 0.690625 0.01953125 0.046875
0 0.23359375 0.55234375 0.02265625 0.0578125
0 0.2453125 0.4796875 0.0234375 0.05234375
0 0.253125 0.44453125 0.021875 0.03984375
0 0.25625 0.37109375 0.021875 0.0453125
0 0.190625 0.37734375 0.02421875 0.046875
0 0.175 0.40546875 0.021875 0.04140625
0 0.1734375 0.45390625 0.02421875 0.05234375
0 0.1625 0.553125 0.0203125 0.0453125
0 0.1796875 0.61484375 0.021875 0.046875
0 0.16875 0.678125 0.02265625 0.05
0 0.1578125 0.76171875 0.0234375 0.05546875
0 0.07578125 0.6984375 0.02265625 0.059375
0 0.0875 0.6703125 0.0234375 0.059375
0 0.109375 0.56640625 0.0234375 0.05390625
0 0.10390625 0.52890625 0.02265625 0.046875
0 0.11015625 0.4171875 0.021875 0.05
0 0.121875 0.3734375 0.0203125 0.04140625
0 0.01875 0.5359375 0.0234375 0.05390625
0 0.0296875 0.4625 0.0234375 0.05390625
0 0.0359375 0.4234375 0.01953125 0.0375
0 0.04765625 0.35625 0.02265625 0.03984375