0 0.0890625 0.440625 0.0203125 0.03984375
0 0.1140625 0.4453125 0.0171875 0.03359375
0 0.18125 0.44609375 0.015625 0.03203125
0 0.21015625 0.44921875 0.0171875 0.02890625
0 0.24296875 0.46953125 0.01875 0.03515625
0 0.26015625 0.43046875 0.0203125 0.03984375
0 0.290625 0.45625 0.0140625 0.0265625
0 0.33671875 0.44921875 0.01953125 0.03046875
0 0.4515625 0.43828125 0.015625 0.040625
0 0.4984375 0.46015625 0.015625 0.03515625
0 0.5140625 0.44921875 0.01484375 0.028125
0 0.56171875 0.415625 0.01875 0.05078125
0 0.5875 0.42890625 0.01953125 0.03984375
0 0.65703125 0.42578125 0.021875 0.0421875
0 0.715625 0.415625 0.01953125 0.03671875
0 0.7234375 0.4296875 0.015625 0.03828125
0 0.75625 0.46640625 0.0203125 0.04375
0 0.73671875 0.540625 0.0203125 0.04375
0 0.80546875 0.43046875 0.021875 0.03984375
0 0.79765625 0.53984375 0.025 0.0453125
0 0.85234375 0.43828125 0.01640625 0.03203125
0 0.8703125 0.39765625 0.03046875 0.05234375
0 0.92265625 0.4328125 0.0203125 0.03203125
0 0.94609375 0.440625 0.015625 0.03984375
0 0.97421875 0.35859375 0.0125 0.0625