0 0.04765625 0.89921875 0.09375 0.07421875
0 0.03046875 0.653125 0.0609375 0.0796875
0 0.021875 0.45234375 0.04375 0.0625
0 0.246875 0.90703125 0.08203125 0.0640625
0 0.1890625 0.6703125 0.0640625 0.07734375
0 0.13984375 0.45234375 0.05859375 0.0796875
0 0.10859375 0.2890625 0.05859375 0.05078125
0 0.2 0.1625 0.046875 0.05703125
0 0.246875 0.29921875 0.0515625 0.065625
0 0.3734375 0.3140625 0.0515625 0.0671875
0 0.315625 0.184375 0.04609375 0.07734375
0 0.503125 0.0578125 0.040625 0.07421875
0 0.39375 0.0671875 0.0453125 0.07890625
0 0.275 0.0625 0.040625 0.0671875
0 0.61484375 0.0671875 0.03984375 0.0609375
0 0.725 0.06328125 0.03515625 0.059375
0 0.8125 0.1625 0.0484375 0.0625
0 0.68671875 0.16796875 0.04609375 0.04765625
0 0.56875 0.16640625 0.0453125 0.059375
0 0.64609375 0.290625 0.05546875 0.06875
0 0.94296875 0.153125 0.05 0.04921875
0 0.92265625 0.2890625 0.05390625 0.0625
0 0.7875 0.3109375 0.05546875 0.065625
0 0.51796875 0.29609375 0.04609375 0.059375
0 0.45 0.16875 0.04609375 0.07578125
0 0.89296875 0.4390625 0.0515625 0.06875
0 0.865625 0.65390625 0.06640625 0.0671875
0 0.70625 0.64453125 0.0625 0.0640625
0 0.74609375 0.45390625 0.05859375 0.0671875
0 0.596875 0.446875 0.05859375 0.0609375
0 0.53203125 0.65546875 0.065625 0.07109375
0 0.4484375 0.45078125 0.05390625 0.05703125
0 0.3 0.46640625 0.059375 0.07734375
0 0.3625 0.6640625 0.06875 0.07578125
0 0.81796875 0.909375 0.07109375 0.05546875
0 0.63359375 0.93671875 0.065625 0.059375
0 0.4484375 0.909375 0.08125 0.0671875