0 0.196875 0.33359375 0.025 0.0625
0 0.28203125 0.31796875 0.02421875 0.05546875
0 0.22734375 0.475 0.025 0.05703125
0 0.146875 0.4984375 0.02265625 0.059375
0 0.259375 0.38984375 0.021875 0.05
0 0.20234375 0.4015625 0.021875 0.05390625
0 0.23125 0.4296875 0.025 0.0609375
0 0.3375 0.38046875 0.02421875 0.059375
0 0.296875 0.50546875 0.0234375 0.05234375
0 0.37578125 0.4421875 0.025 0.0609375
0 0.5265625 0.41484375 0.02734375 0.06953125
0 0.41953125 0.39609375 0.02265625 0.05234375
0 0.37109375 0.32890625 0.0234375 0.05703125
0 0.44609375 0.353125 0.01875 0.05390625
0 0.52421875 0.31953125 0.02421875 0.05234375
0 0.79609375 0.390625 0.0234375 0.0484375
0 0.7671875 0.321875 0.0265625 0.05703125
0 0.6859375 0.3390625 0.02421875 0.05703125
0 0.71953125 0.4265625 0.02421875 0.05
0 0.7375 0.48203125 0.02734375 0.05390625
0 0.6453125 0.44375 0.02265625 0.0640625
0 0.57734375 0.3953125 0.025 0.06796875
0 0.6109375 0.3375 0.02421875 0.05703125
0 0.50859375 0.3984375 0.025 0.046875
0 0.6421875 0.41875 0.0203125 0.0484375