0 0.46015625 0.39140625 0.0265625 0.065625
0 0.52265625 0.36875 0.021875 0.05546875
0 0.59140625 0.40546875 0.0265625 0.06171875
0 0.6046875 0.346875 0.025 0.05859375
0 0.65078125 0.328125 0.02421875 0.0640625
0 0.66328125 0.41015625 0.02734375 0.06171875
0 0.68671875 0.3734375 0.02265625 0.06015625
0 0.753125 0.38046875 0.025 0.06015625
0 0.821875 0.3890625 0.0265625 0.0703125
0 0.8953125 0.4046875 0.02734375 0.0703125
0 0.1453125 0.36171875 0.02265625 0.06171875
0 0.21875 0.3765625 0.0234375 0.053125
0 0.25625 0.35234375 0.0234375 0.05
0 0.29765625 0.3828125 0.025 0.06171875
0 0.34921875 0.38828125 0.02421875 0.05859375
0 0.36328125 0.32265625 0.0234375 0.05859375
0 0.415625 0.36640625 0.02421875 0.06015625
0 0.4375 0.3203125 0.0234375 0.0515625