0 0.51875 0.409375 0.04375 0.05703125
0 0.23046875 0.17890625 0.040625 0.0375
0 0.20546875 0.11484375 0.03984375 0.04453125
0 0.2078125 0.05 0.0296875 0.02265625
0 0.3796875 0.12734375 0.046875 0.0421875
0 0.409375 0.18984375 0.04296875 0.02890625
0 0.509375 0.12421875 0.05 0.0375
0 0.11640625 0.16015625 0.040625 0.04375
0 0.04765625 0.11171875 0.02734375 0.02890625
0 0.546875 0.2328125 0.0953125 0.0921875
0 0.7359375 0.22578125 0.040625 0.03984375
0 0.853125 0.2328125 0.04296875 0.0390625
0 0.959375 0.30390625 0.0453125 0.05