0 0.7125 0.24375 0.1734375 0.2984375
0 0.4671875 0.146875 0.096875 0.1390625
0 0.49609375 0.7515625 0.0296875 0.04921875
0 0.190625 0.77265625 0.01484375 0.021875
0 0.178125 0.74375 0.00859375 0.015625
0 0.2046875 0.75390625 0.00859375 0.015625
0 0.26171875 0.78203125 0.0078125 0.0171875
0 0.359375 0.72890625 0.0140625 0.0234375
0 0.26953125 0.709375 0.0078125 0.015625
0 0.24609375 0.725 0.0078125 0.0140625
0 0.028125 0.73203125 0.01953125 0.02578125
0 0.1546875 0.7796875 0.0078125 0.01328125
0 0.4234375 0.7625 0.009375 0.0171875
0 0.19375 0.7171875 0.00703125 0.015625
0 0.17109375 0.821875 0.00859375 0.01796875
0 0.16171875 0.80625 0.00859375 0.0171875
0 0.2515625 0.74765625 0.009375 0.015625
0 0.22734375 0.7171875 0.0078125 0.015625
0 0.2296875 0.765625 0.00859375 0.01015625
0 0.2671875 0.81640625 0.00859375 0.015625
0 0.2890625 0.73125 0.0078125 0.0140625
0 0.18828125 0.709375 0.00859375 0.0171875
0 0.16875 0.725 0.009375 0.01796875
0 0.2296875 0.815625 0.0109375 0.0171875
0 0.290625 0.784375 0.0046875 0.01171875
0 0.278125 0.7640625 0.00625 0.01171875
0 0.20390625 0.703125 0.0078125 0.0078125
0 0.1703125 0.71015625 0.00859375 0.01171875
0 0.234375 0.77578125 0.009375 0.015625
0 0.2046875 0.771875 0.00625 0.0078125
0 0.175 0.7625 0.0046875 0.01171875