0 0.1140625 0.2453125 0.0453125 0.0734375
0 0.203125 0.1546875 0.0390625 0.065625
0 0.32734375 0.14140625 0.04375 0.0765625
0 0.4421875 0.15078125 0.0453125 0.0734375
0 0.559375 0.1296875 0.04609375 0.07265625
0 0.69140625 0.10078125 0.0453125 0.06796875
0 0.75078125 0.17890625 0.046875 0.07890625
0 0.84140625 0.12109375 0.04609375 0.0640625
0 0.87578125 0.1890625 0.04609375 0.0859375
0 0.63125 0.2203125 0.0421875 0.07109375
0 0.49375 0.23046875 0.0484375 0.0765625
0 0.3703125 0.24375 0.04765625 0.07265625
0 0.2296875 0.228125 0.04375 0.075
0 0.12421875 0.4296875 0.046875 0.08046875
0 0.26640625 0.428125 0.046875 0.08046875
0 0.39765625 0.4453125 0.0484375 0.08046875
0 0.53359375 0.42578125 0.05 0.08046875
0 0.671875 0.42578125 0.05625 0.075
0 0.81328125 0.4171875 0.04765625 0.078125
0 0.1578125 0.60078125 0.05078125 0.09140625
0 0.346875 0.6046875 0.05078125 0.08359375
0 0.5375 0.58125 0.0578125 0.08359375
0 0.7671875 0.56875 0.053125 0.08359375