0 0.0828125 0.15625 0.034375 0.0859375
0 0.14375 0.18046875 0.0359375 0.08046875
0 0.203125 0.14765625 0.0296875 0.07109375
0 0.22578125 0.37265625 0.03515625 0.0625
0 0.25859375 0.16171875 0.0265625 0.05234375
0 0.30234375 0.14140625 0.0265625 0.06953125
0 0.36171875 0.08203125 0.03046875 0.05625
0 0.4578125 0.05 0.028125 0.0640625
0 0.4359375 0.125 0.0328125 0.07890625
0 0.50078125 0.11953125 0.025 0.0640625
0 0.15390625 0.5171875 0.03984375 0.08203125
0 0.32734375 0.3765625 0.0328125 0.0671875
0 0.3109375 0.5390625 0.03984375 0.10234375
0 0.440625 0.3734375 0.03125 0.0578125
0 0.5125 0.353125 0.03046875 0.07421875
0 0.45625 0.53828125 0.0390625 0.0875
0 0.56328125 0.10234375 0.02734375 0.06953125
0 0.6078125 0.078125 0.0265625 0.0609375
0 0.64765625 0.08203125 0.0234375 0.05625
0 0.69921875 0.090625 0.02734375 0.0625
0 0.7625 0.11015625 0.028125 0.059375
0 0.80234375 0.11171875 0.034375 0.06953125
0 0.90078125 0.0796875 0.0359375 0.08046875
0 0.61640625 0.33046875 0.03125 0.07734375
0 0.684375 0.3203125 0.03125 0.07109375
0 0.6203125 0.49453125 0.040625 0.0921875
0 0.7515625 0.28515625 0.0328125 0.07265625
0 0.79609375 0.48984375 0.0390625 0.07734375
0 0.9046875 0.44453125 0.04296875 0.0859375