0 0.17109375 0.865625 0.0578125 0.21875
0 0.46171875 0.7671875 0.0453125 0.0953125
0 0.48125 0.6765625 0.04609375 0.07890625
0 0.24375 0.3734375 0.009375 0.021875
0 0.2234375 0.371875 0.0109375 0.01171875
0 0.31796875 0.36171875 0.00859375 0.01875
0 0.34609375 0.43671875 0.0203125 0.03984375
0 0.56171875 0.565625 0.0078125 0.01484375
0 0.515625 0.575 0.00625 0.01328125
0 0.6484375 0.48671875 0.00625 0.01015625
0 0.85390625 0.55546875 0.00859375 0.01640625
0 0.89140625 0.575 0.00625 0.01640625
0 0.3 0.38203125 0.00625 0.0203125
0 0.37734375 0.384375 0.00703125 0.03046875
0 0.53046875 0.44609375 0.0046875 0.00859375
0 0.52578125 0.4875 0.0046875 0.00859375
0 0.6 0.5140625 0.00625 0.01484375
0 0.60390625 0.48671875 0.0046875 0.01015625
0 0.6203125 0.5140625 0.00625 0.00859375
0 0.6515625 0.5203125 0.0046875 0.01015625
0 0.6640625 0.49453125 0.00625 0.00859375
0 0.65390625 0.50078125 0.0046875 0.00859375
0 0.8765625 0.50078125 0.0046875 0.01171875
0 0.86171875 0.49296875 0.0046875 0.01015625
0 0.85078125 0.48828125 0.00390625 0.00703125
0 0.825 0.4859375 0.0046875 0.00859375
0 0.990625 0.61640625 0.0078125 0.01796875
0 0.73515625 0.540625 0.00703125 0.00859375
0 0.7375 0.49375 0.0046875 0.01015625