0 0.121875 0.2375 0.028125 0.04609375
0 0.190625 0.25390625 0.0265625 0.04609375
0 0.065625 0.3796875 0.028125 0.05078125
0 0.13359375 0.3796875 0.025 0.04609375
0 0.090625 0.484375 0.0265625 0.05078125
0 0.0921875 0.5984375 0.028125 0.05
0 0.17265625 0.60625 0.028125 0.05
0 0.2453125 0.25390625 0.02421875 0.04609375
0 0.28671875 0.2546875 0.028125 0.04453125
0 0.325 0.25546875 0.028125 0.04765625
0 0.21328125 0.3765625 0.03046875 0.04453125
0 0.29296875 0.36875 0.03125 0.04453125
0 0.359375 0.375 0.02734375 0.04375
0 0.1765625 0.4953125 0.03125 0.0484375
0 0.25859375 0.490625 0.03046875 0.04609375
0 0.25859375 0.60625 0.02734375 0.04609375
0 0.38046875 0.2578125 0.0265625 0.0375
0 0.4421875 0.26015625 0.028125 0.04609375
0 0.5171875 0.2625 0.025 0.04375
0 0.4109375 0.375 0.02421875 0.0421875
0 0.46484375 0.38203125 0.02734375 0.05078125
0 0.51953125 0.38125 0.02734375 0.04609375
0 0.34609375 0.49453125 0.028125 0.05078125
0 0.4234375 0.49609375 0.0265625 0.0421875
0 0.49296875 0.4953125 0.0265625 0.05078125
0 0.33984375 0.61328125 0.02734375 0.05
0 0.4140625 0.6125 0.0296875 0.05
0 0.49140625 0.62265625 0.0296875 0.05078125
0 0.5859375 0.26640625 0.0234375 0.0484375
0 0.65078125 0.2640625 0.02265625 0.04453125
0 0.584375 0.37734375 0.02421875 0.0484375
0 0.6703125 0.38515625 0.0265625 0.04453125
0 0.721875 0.2796875 0.028125 0.04609375
0 0.7921875 0.271875 0.02421875 0.04453125
0 0.8703125 0.2640625 0.02421875 0.04765625
0 0.74375 0.38984375 0.028125 0.04609375
0 0.82890625 0.384375 0.025 0.0484375
0 0.9015625 0.403125 0.0296875 0.04375
0 0.71953125 0.48671875 0.028125 0.0484375
0 0.80625 0.4921875 0.028125 0.04765625
0 0.890625 0.515625 0.0296875 0.04375
0 0.940625 0.515625 0.0296875 0.04375
0 0.5640625 0.49375 0.0265625 0.04453125
0 0.64375 0.4921875 0.028125 0.05
0 0.5671875 0.6109375 0.0296875 0.04765625
0 0.6578125 0.6078125 0.028125 0.04609375
0 0.74296875 0.6125 0.028125 0.0484375
0 0.8359375 0.63828125 0.02734375 0.05