0 0.50625 0.5171875 0.009375 0.015625
0 0.2328125 0.47890625 0.03984375 0.07265625
0 0.32578125 0.48671875 0.0265625 0.04453125
0 0.35078125 0.49296875 0.015625 0.0328125
0 0.38203125 0.503125 0.0140625 0.0296875
0 0.43125 0.509375 0.01640625 0.02890625
0 0.44609375 0.49375 0.01171875 0.03125
0 0.4953125 0.52421875 0.015625 0.021875
0 0.4109375 0.49609375 0.01171875 0.0234375
0 0.51796875 0.50859375 0.0109375 0.01953125
0 0.5296875 0.50390625 0.00859375 0.01328125
0 0.54296875 0.50703125 0.01171875 0.01953125
0 0.56953125 0.496875 0.0109375 0.0171875
0 0.4796875 0.509375 0.00859375 0.0171875
0 0.559375 0.5203125 0.009375 0.0140625
0 0.01640625 0.52109375 0.028125 0.06015625
0 0.09765625 0.5296875 0.02734375 0.05234375
0 0.20234375 0.496875 0.01875 0.0328125