0 0.4765625 0.33203125 0.01171875 0.025
0 0.37421875 0.2640625 0.00859375 0.01484375
0 0.378125 0.29375 0.0125 0.02109375
0 0.41328125 0.25390625 0.00859375 0.01484375
0 0.44765625 0.3328125 0.0125 0.01875
0 0.4703125 0.2671875 0.0078125 0.01171875
0 0.4421875 0.2875 0.009375 0.01484375
0 0.565625 0.290625 0.009375 0.01796875
0 0.5328125 0.284375 0.00703125 0.01171875
0 0.590625 0.290625 0.0078125 0.01484375
0 0.51328125 0.25390625 0.00859375 0.0125
0 0.8796875 0.4171875 0.0078125 0.0140625
0 0.57109375 0.32109375 0.009375 0.0203125
0 0.60546875 0.2796875 0.01171875 0.01875
0 0.56640625 0.271875 0.0078125 0.01171875
0 0.56875 0.3765625 0.0140625 0.04140625