0 0.8171875 0.53828125 0.071875 0.1390625
0 0.61875 0.52109375 0.0515625 0.07578125
0 0.49921875 0.43203125 0.03984375 0.0734375
0 0.5375 0.40078125 0.0265625 0.0453125
0 0.428125 0.425 0.03046875 0.0515625
0 0.39609375 0.49921875 0.0578125 0.096875
0 0.190625 0.575 0.071875 0.08359375
0 0.09921875 0.4453125 0.0359375 0.05859375
0 0.271875 0.43203125 0.01484375 0.02890625
0 0.24609375 0.4046875 0.025 0.03046875
0 0.3 0.3375 0.01171875 0.028125
0 0.3375 0.36640625 0.01171875 0.0203125
0 0.321875 0.36640625 0.009375 0.01875
0 0.1453125 0.2859375 0.0203125 0.028125
0 0.13984375 0.36484375 0.01171875 0.0265625
0 0.09140625 0.39765625 0.02265625 0.0484375
0 0.375 0.39609375 0.0296875 0.0484375
0 0.45 0.3828125 0.0265625 0.0484375
0 0.5671875 0.371875 0.021875 0.03515625
0 0.5328125 0.34296875 0.01484375 0.02890625
0 0.43203125 0.3390625 0.00859375 0.021875
0 0.38125 0.26171875 0.0109375 0.0265625
0 0.6265625 0.35625 0.01484375 0.025
0 0.6453125 0.328125 0.01171875 0.0265625
0 0.6703125 0.31171875 0.00859375 0.0203125
0 0.5984375 0.375 0.01484375 0.02890625
0 0.75625 0.46328125 0.025 0.0453125
0 0.7015625 0.43359375 0.01953125 0.05
0 0.70625 0.39296875 0.025 0.05390625
0 0.72421875 0.384375 0.01640625 0.03671875
0 0.7296875 0.346875 0.0140625 0.0265625
0 0.75859375 0.34296875 0.0140625 0.021875
0 0.8 0.3484375 0.0171875 0.0265625
0 0.79609375 0.3171875 0.0109375 0.021875
0 0.78359375 0.3078125 0.00703125 0.01484375
0 0.73828125 0.3171875 0.01171875 0.021875
0 0.696875 0.3203125 0.0109375 0.0203125
0 0.86015625 0.3703125 0.0140625 0.02890625
0 0.815625 0.42578125 0.040625 0.07890625
0 0.93203125 0.35234375 0.01875 0.03984375
0 0.865625 0.31484375 0.0125 0.0265625
0 0.87890625 0.309375 0.00625 0.01328125
0 0.896875 0.25078125 0.009375 0.01640625
0 0.49453125 0.3734375 0.0203125 0.03828125
0 0.83671875 0.34140625 0.0125 0.03203125
0 0.921875 0.3265625 0.01171875 0.02890625