0 0.19609375 0.69296875 0.0375 0.03203125
0 0.44296875 0.68828125 0.03984375 0.03515625
0 0.50703125 0.68203125 0.03203125 0.03125
0 0.584375 0.58359375 0.034375 0.03203125
0 0.71796875 0.70546875 0.0421875 0.0390625
0 0.4953125 0.58828125 0.0265625 0.03046875
0 0.3453125 0.6140625 0.03515625 0.03203125
0 0.1671875 0.6921875 0.02734375 0.03046875
0 0.853125 0.60703125 0.034375 0.03359375
0 0.71796875 0.5671875 0.03203125 0.03203125
0 0.81875 0.5421875 0.03046875 0.03125
0 0.87890625 0.60546875 0.0234375 0.03125
0 0.77421875 0.6875 0.034375 0.03125
0 0.79375 0.534375 0.0234375 0.0296875