0 0.54296875 0.4765625 0.0140625 0.03125
0 0.4984375 0.446875 0.0171875 0.0296875
0 0.5609375 0.459375 0.015625 0.03359375
0 0.696875 0.5109375 0.0375 0.0640625
0 0.690625 0.44375 0.0140625 0.02109375
0 0.965625 0.6625 0.0671875 0.13046875
0 0.84765625 0.5296875 0.040625 0.053125
0 0.78984375 0.50859375 0.02421875 0.03515625
0 0.41875 0.665625 0.071875 0.115625
0 0.28828125 0.54609375 0.03828125 0.053125
0 0.25 0.4671875 0.01953125 0.0375
0 0.10703125 0.58203125 0.09453125 0.12265625
0 0.38203125 0.49375 0.015625 0.03515625