0 0.8 0.79609375 0.04375 0.03984375
0 0.8953125 0.75625 0.03203125 0.034375
0 0.63125 0.72890625 0.03203125 0.03125
0 0.4984375 0.7484375 0.0328125 0.03125
0 0.440625 0.76796875 0.03515625 0.034375
0 0.28828125 0.80234375 0.03203125 0.0328125
0 0.22578125 0.80390625 0.03828125 0.03828125
0 0.22421875 0.72734375 0.03203125 0.03046875
0 0.13828125 0.734375 0.0265625 0.02734375
0 0.134375 0.65546875 0.03125 0.03515625
0 0.51171875 0.69609375 0.03515625 0.03984375
0 0.7609375 0.66796875 0.03203125 0.034375
0 0.5984375 0.67265625 0.028125 0.0359375
0 0.646875 0.66640625 0.03125 0.034375
0 0.61796875 0.64921875 0.03046875 0.0296875
0 0.584375 0.6421875 0.03515625 0.03671875
0 0.61015625 0.61640625 0.0265625 0.02734375
0 0.5484375 0.60234375 0.0328125 0.03125
0 0.73203125 0.79609375 0.034375 0.0359375
0 0.778125 0.8015625 0.034375 0.0328125
0 0.2828125 0.66171875 0.03125 0.034375
0 0.2875 0.61953125 0.0265625 0.0265625
0 0.440625 0.70234375 0.02734375 0.0359375
0 0.65546875 0.78515625 0.03828125 0.03828125
0 0.5421875 0.79296875 0.034375 0.0359375
0 0.4859375 0.590625 0.015625 0.0171875
0 0.29296875 0.7140625 0.02734375 0.0328125
0 0.1390625 0.68828125 0.0171875 0.02578125