0 0.48359375 0.5546875 0.0078125 0.01484375
0 0.37734375 0.55546875 0.0046875 0.00703125
0 0.10859375 0.503125 0.0078125 0.01328125
0 0.46015625 0.5703125 0.0046875 0.00703125
0 0.17109375 0.42578125 0.03046875 0.05
0 0.25 0.48515625 0.0171875 0.03046875
0 0.21484375 0.5265625 0.009375 0.01640625
0 0.29609375 0.50625 0.0125 0.021875
0 0.721875 0.403125 0.0390625 0.075
0 0.634375 0.49140625 0.0234375 0.0484375
0 0.546875 0.5296875 0.015625 0.021875
0 0.97578125 0.615625 0.021875 0.03359375
0 0.88359375 0.54140625 0.01640625 0.03046875
0 0.9453125 0.5578125 0.0140625 0.0234375
0 0.8984375 0.5515625 0.01171875 0.021875
0 0.06328125 0.49453125 0.01171875 0.0234375
0 0.03828125 0.48125 0.0140625 0.021875
0 0.58203125 0.55625 0.009375 0.01796875
0 0.50859375 0.5609375 0.00859375 0.01796875
0 0.56875 0.5671875 0.00703125 0.01484375
0 0.3609375 0.54296875 0.00859375 0.01640625
0 0.3265625 0.534375 0.0125 0.0203125