0 0.56328125 0.75078125 0.0578125 0.04453125
0 0.44140625 0.7140625 0.05625 0.04921875
0 0.25859375 0.69296875 0.0421875 0.040625
0 0.39296875 0.7203125 0.04765625 0.05078125
0 0.21796875 0.83203125 0.05078125 0.0390625
0 0.06953125 0.67890625 0.0421875 0.03828125
0 0.08515625 0.60859375 0.0359375 0.028125
0 0.2671875 0.5890625 0.03828125 0.03515625
0 0.459375 0.6375 0.03828125 0.03359375
0 0.01171875 0.67890625 0.0234375 0.046875
0 0.01484375 0.640625 0.0296875 0.03125
0 0.11875 0.6765625 0.0390625 0.03671875
0 0.103125 0.56796875 0.0234375 0.0296875