0 0.86015625 0.42734375 0.059375 0.13515625
0 0.871875 0.8140625 0.084375 0.22578125
0 0.6875 0.553125 0.0953125 0.21015625
0 0.715625 0.296875 0.0234375 0.0484375
0 0.571875 0.425 0.084375 0.1734375
0 0.25859375 0.2328125 0.03203125 0.065625
0 0.359375 0.2078125 0.025 0.05703125
0 0.459375 0.59453125 0.0578125 0.1234375
0 0.4703125 0.365625 0.03125 0.08515625
0 0.45703125 0.41640625 0.025 0.065625
0 0.41484375 0.4359375 0.03203125 0.06953125
0 0.21015625 0.328125 0.0578125 0.246875
0 0.3640625 0.49140625 0.06640625 0.11796875