0 0.51484375 0.33671875 0.05625 0.075
0 0.084375 0.21328125 0.0328125 0.071875
0 0.25390625 0.18671875 0.025 0.0421875
0 0.2046875 0.1765625 0.0140625 0.03203125
0 0.378125 0.25 0.03828125 0.075
0 0.39765625 0.20625 0.01875 0.0421875
0 0.621875 0.18046875 0.01875 0.04375
0 0.71796875 0.20078125 0.02421875 0.06015625
0 0.7953125 0.24140625 0.0375 0.075
0 0.9125 0.21875 0.0265625 0.06015625
0 0.13203125 0.17578125 0.01640625 0.03984375
0 0.465625 0.171875 0.009375 0.0234375
0 0.67109375 0.178125 0.0140625 0.03203125
0 0.95 0.18203125 0.01484375 0.03671875
0 0.87421875 0.1703125 0.0125 0.0234375