0 0.04375 0.296875 0.0234375 0.04765625
0 0.1296875 0.3140625 0.01953125 0.04453125
0 0.21953125 0.2796875 0.0234375 0.0515625
0 0.29765625 0.33359375 0.0203125 0.04609375
0 0.35078125 0.1234375 0.0421875 0.103125
0 0.66875 0.325 0.0203125 0.04609375
0 0.74140625 0.29765625 0.021875 0.04609375
0 0.83203125 0.15078125 0.0375 0.09609375
0 0.98125 0.309375 0.02265625 0.053125
0 0.56328125 0.3078125 0.021875 0.04609375
0 0.48125 0.309375 0.01875 0.04609375
0 0.6609375 0.22109375 0.01484375 0.034375
0 0.4015625 0.3171875 0.0140625 0.04140625