0 0.075 0.325 0.0296875 0.05703125
0 0.6265625 0.1359375 0.01640625 0.025
0 0.884375 0.3171875 0.021875 0.0484375
0 0.91328125 0.27890625 0.015625 0.04140625
0 0.93671875 0.25234375 0.01875 0.04140625
0 0.98515625 0.24296875 0.01640625 0.03671875
0 0.96171875 0.28125 0.028125 0.05546875
0 0.92578125 0.22578125 0.0234375 0.03828125
0 0.9859375 0.17265625 0.01875 0.03515625
0 0.959375 0.13515625 0.015625 0.03203125
0 0.903125 0.1515625 0.01484375 0.03046875
0 0.884375 0.1015625 0.01484375 0.028125
0 0.115625 0.2609375 0.03203125 0.0703125
0 0.39765625 0.2859375 0.03515625 0.0671875
0 0.478125 0.25234375 0.034375 0.0765625
0 0.84453125 0.28359375 0.03515625 0.07734375
0 0.8015625 0.35546875 0.03515625 0.07734375
0 0.4390625 0.2828125 0.0171875 0.04140625
0 0.52734375 0.27734375 0.0171875 0.03828125
0 0.55390625 0.28046875 0.0171875 0.03984375
0 0.56953125 0.334375 0.0203125 0.04140625
0 0.57890625 0.253125 0.01640625 0.03671875
0 0.5984375 0.284375 0.0171875 0.03828125
0 0.63359375 0.30390625 0.02265625 0.05
0 0.62890625 0.26796875 0.01953125 0.03671875
0 0.6453125 0.16015625 0.01484375 0.0296875
0 0.6578125 0.3375 0.02265625 0.04375
0 0.6984375 0.31796875 0.01640625 0.046875
0 0.684375 0.2796875 0.0203125 0.04140625
0 0.68515625 0.24140625 0.01484375 0.03671875
0 0.69921875 0.2421875 0.0171875 0.04140625
0 0.7640625 0.2296875 0.01953125 0.03984375
0 0.70546875 0.17265625 0.01484375 0.03046875
0 0.7484375 0.35 0.02265625 0.0515625
0 0.7515625 0.16328125 0.01640625 0.03359375
0 0.75625 0.13515625 0.01640625 0.03515625
0 0.8046875 0.13125 0.01953125 0.03984375
0 0.840625 0.13203125 0.015625 0.03203125
0 0.8546875 0.16796875 0.01484375 0.028125
0 0.88203125 0.253125 0.01875 0.03984375
0 0.5796875 0.165625 0.0171875 0.03515625