0 0.08828125 0.43359375 0.01640625 0.0421875
0 0.2375 0.40625 0.015625 0.03046875
0 0.2609375 0.43828125 0.0140625 0.0328125
0 0.3296875 0.409375 0.02265625 0.0359375
0 0.4109375 0.384375 0.021875 0.0421875
0 0.56328125 0.425 0.01953125 0.0484375
0 0.6546875 0.3671875 0.0296875 0.07265625
0 0.834375 0.3828125 0.02734375 0.06015625
0 0.8015625 0.38359375 0.01953125 0.034375
0 0.89140625 0.378125 0.01953125 0.0390625
0 0.5015625 0.4015625 0.0140625 0.02578125
0 0.5265625 0.39765625 0.0109375 0.02421875
0 0.60078125 0.39765625 0.015625 0.0328125