0 0.2609375 0.27578125 0.05078125 0.053125
0 0.06953125 0.24609375 0.02265625 0.04375
0 0.115625 0.29765625 0.01640625 0.03203125
0 0.334375 0.23203125 0.01953125 0.0453125
0 0.2953125 0.2390625 0.01953125 0.04140625
0 0.5578125 0.2875 0.05390625 0.10546875
0 0.671875 0.1484375 0.0296875 0.065625
0 0.73046875 0.2140625 0.0328125 0.08828125
0 0.91484375 0.23515625 0.0234375 0.0484375
0 0.859375 0.2671875 0.009375 0.0234375
0 0.8875 0.27109375 0.01171875 0.0265625
0 0.39765625 0.35078125 0.009375 0.0203125
0 0.0421875 0.259375 0.01640625 0.04375