0 0.3078125 0.26640625 0.03984375 0.06328125
0 0.1828125 0.22734375 0.04296875 0.08671875
0 0.77734375 0.2015625 0.04296875 0.0375
0 0.7421875 0.4140625 0.04296875 0.05390625
0 0.615625 0.4515625 0.0171875 0.0359375
0 0.68828125 0.496875 0.01953125 0.0390625
0 0.86171875 0.49921875 0.0203125 0.046875
0 0.90546875 0.49609375 0.0234375 0.046875
0 0.95390625 0.51875 0.021875 0.0453125
0 0.659375 0.45078125 0.01640625 0.0375
0 0.9703125 0.39921875 0.01640625 0.0359375
0 0.98671875 0.478125 0.01640625 0.0359375
0 0.8875 0.43671875 0.01875 0.0359375
0 0.8890625 0.32421875 0.01484375 0.03125