0 0.48828125 0.47578125 0.0484375 0.04609375
0 0.73046875 0.66953125 0.01953125 0.03515625
0 0.96015625 0.67265625 0.0203125 0.034375
0 0.78046875 0.665625 0.01640625 0.02890625
0 0.83125 0.6828125 0.015625 0.0296875
0 0.88671875 0.69609375 0.0171875 0.03125
0 0.67734375 0.67265625 0.01640625 0.03125
0 0.63125 0.6796875 0.015625 0.02890625
0 0.58203125 0.67265625 0.0140625 0.02890625
0 0.5453125 0.6828125 0.0125 0.02421875
0 0.49453125 0.66796875 0.01484375 0.02734375
0 0.2375 0.665625 0.0125 0.0234375
0 0.28125 0.68046875 0.01171875 0.02421875
0 0.31953125 0.66640625 0.0125 0.02421875
0 0.3421875 0.67109375 0.01171875 0.0234375
0 0.35859375 0.67421875 0.0140625 0.02890625
0 0.20078125 0.65859375 0.01484375 0.02734375
0 0.1625 0.6625 0.0125 0.02421875
0 0.08125 0.66171875 0.0140625 0.02890625
0 0.03828125 0.65546875 0.0125 0.02421875
0 0.575 0.2609375 0.03125 0.04921875