0 0.09609375 0.26875 0.028125 0.05625
0 0.18125 0.290625 0.0375 0.053125
0 0.32890625 0.2984375 0.025 0.053125
0 0.3625 0.3453125 0.02421875 0.046875
0 0.39921875 0.34375 0.02265625 0.05
0 0.51484375 0.3 0.02265625 0.05
0 0.57265625 0.2828125 0.02421875 0.05
0 0.50703125 0.43984375 0.0265625 0.0515625
0 0.6203125 0.3671875 0.02734375 0.046875
0 0.66328125 0.3 0.03046875 0.040625
0 0.77421875 0.28359375 0.0265625 0.0515625
0 0.82421875 0.32734375 0.03125 0.0609375
0 0.9015625 0.30546875 0.02734375 0.0578125