0 0.2140625 0.559375 0.021875 0.040625
0 0.16875 0.5515625 0.01640625 0.03984375
0 0.14765625 0.553125 0.015625 0.046875
0 0.4984375 0.575 0.00859375 0.03671875
0 0.40078125 0.65234375 0.0203125 0.0421875
0 0.64921875 0.84609375 0.015625 0.0703125
0 0.00625 0.4046875 0.009375 0.021875
0 0.003125 0.37890625 0.00625 0.0234375
0 0.0328125 0.37109375 0.0078125 0.01875
0 0.0484375 0.375 0.00859375 0.0203125
0 0.06875 0.41015625 0.01171875 0.0234375
0 0.03203125 0.44921875 0.0125 0.0234375
0 0.06640625 0.5078125 0.01171875 0.0234375
0 0.1 0.5171875 0.009375 0.0203125
0 0.0875 0.4 0.0109375 0.0203125
0 0.071875 0.36640625 0.00703125 0.01484375
0 0.12578125 0.3921875 0.009375 0.0234375
0 0.153125 0.3875 0.009375 0.01875
0 0.1671875 0.38125 0.0078125 0.01875
0 0.38203125 0.53984375 0.0140625 0.03359375
0 0.6671875 0.51953125 0.01171875 0.0265625
0 0.61640625 0.53046875 0.01484375 0.025
0 0.53828125 0.47109375 0.009375 0.021875
0 0.59453125 0.4671875 0.009375 0.0234375
0 0.575 0.453125 0.0140625 0.03046875
0 0.1765625 0.48984375 0.0078125 0.021875
0 0.18671875 0.50859375 0.00859375 0.021875
0 0.1703125 0.51953125 0.009375 0.0234375
0 0.20859375 0.51796875 0.0109375 0.0203125
0 0.225 0.5 0.0140625 0.028125
0 0.24140625 0.50078125 0.0078125 0.0171875
0 0.18828125 0.403125 0.009375 0.021875
0 0.2046875 0.3890625 0.009375 0.01875
0 0.225 0.39609375 0.0078125 0.01640625
0 0.2484375 0.3796875 0.0078125 0.01875
0 0.25078125 0.4109375 0.009375 0.021875
0 0.259375 0.3953125 0.009375 0.0171875
0 0.2921875 0.390625 0.009375 0.0234375
0 0.3234375 0.41640625 0.00859375 0.01875
0 0.334375 0.39140625 0.00859375 0.01875
0 0.346875 0.39921875 0.0078125 0.01875
0 0.56875 0.40078125 0.0109375 0.0203125
0 0.7015625 0.40390625 0.0078125 0.0203125
0 0.72265625 0.4078125 0.0078125 0.01640625
0 0.73359375 0.41796875 0.0078125 0.01640625
0 0.7421875 0.39765625 0.0078125 0.01875
0 0.7484375 0.4109375 0.009375 0.01640625
0 0.73125 0.4671875 0.00859375 0.0171875
0 0.7515625 0.4765625 0.01171875 0.021875
0 0.7796875 0.46875 0.009375 0.0171875
0 0.79453125 0.47578125 0.0125 0.0203125
0 0.78828125 0.41796875 0.0109375 0.021875
0 0.81875 0.5484375 0.015625 0.03359375
0 0.8265625 0.46875 0.0109375 0.0234375
0 0.8421875 0.41328125 0.0109375 0.021875
0 0.8765625 0.41328125 0.009375 0.021875
0 0.86640625 0.4734375 0.009375 0.021875
0 0.90234375 0.46328125 0.01171875 0.021875
0 0.9171875 0.54375 0.0109375 0.01875
0 0.92734375 0.56484375 0.00859375 0.0171875
0 0.928125 0.46953125 0.009375 0.01640625
0 0.9234375 0.4484375 0.009375 0.01875
0 0.94296875 0.46328125 0.0109375 0.01875
0 0.9421875 0.48984375 0.009375 0.01875
0 0.92109375 0.41171875 0.00859375 0.0171875
0 0.965625 0.39453125 0.009375 0.01875
0 0.9703125 0.47109375 0.00859375 0.0203125
0 0.9671875 0.52734375 0.01171875 0.0265625