0 0.8 0.1578125 0.0375 0.02890625
0 0.63203125 0.14453125 0.03046875 0.02109375
0 0.946875 0.121875 0.034375 0.0203125
0 0.965625 0.2765625 0.04609375 0.03359375
0 0.91484375 0.2609375 0.046875 0.03046875
0 0.8375 0.24921875 0.05 0.0375
0 0.725 0.24609375 0.05546875 0.03515625
0 0.6296875 0.21171875 0.03828125 0.03046875
0 0.21796875 0.15859375 0.03515625 0.02578125
0 0.18828125 0.1625 0.03046875 0.02421875
0 0.98828125 0.23828125 0.021875 0.02890625
0 0.009375 0.14765625 0.01875 0.0203125
0 0.00625 0.20234375 0.01171875 0.02890625
0 0.3625 0.09375 0.03203125 0.02421875
0 0.25078125 0.23203125 0.06640625 0.04140625
0 0.10859375 0.2171875 0.03046875 0.02578125