0 0.78203125 0.2890625 0.06875 0.0796875
0 0.26015625 0.2828125 0.0890625 0.09296875
0 0.103125 0.28828125 0.0140625 0.01484375
0 0.0125 0.2984375 0.015625 0.0171875
0 0.8296875 0.73203125 0.08671875 0.10859375
0 0.29375 0.8015625 0.0640625 0.07734375
0 0.684375 0.71953125 0.0171875 0.01953125
0 0.64765625 0.73125 0.00859375 0.01171875
0 0.92734375 0.709375 0.028125 0.0296875
0 0.5828125 0.28828125 0.01640625 0.0234375
0 0.1671875 0.81484375 0.0140625 0.01484375
0 0.8890625 0.26484375 0.01171875 0.01875
0 0.6140625 0.7296875 0.01171875 0.0140625