0 0.88046875 0.10859375 0.0515625 0.0921875
0 0.66640625 0.1125 0.06171875 0.10234375
0 0.3953125 0.11328125 0.06328125 0.1
0 0.5265625 0.184375 0.0375 0.05703125
0 0.29140625 0.178125 0.0359375 0.05703125
0 0.159375 0.115625 0.059375 0.1
0 0.23515625 0.184375 0.02421875 0.03984375
0 0.3515625 0.18984375 0.015625 0.03125
0 0.334375 0.18984375 0.015625 0.02734375
0 0.790625 0.2 0.009375 0.01640625
0 0.978125 0.2234375 0.00703125 0.01484375
0 0.990625 0.21953125 0.00703125 0.0125
0 0.9625 0.225 0.00859375 0.0140625
0 0.55625 0.140625 0.015625 0.02734375