0 0.50859375 0.2265625 0.08203125 0.05703125
0 0.2703125 0.42890625 0.03984375 0.03515625
0 0.35078125 0.45390625 0.03828125 0.034375
0 0.1109375 0.37421875 0.03828125 0.02578125
0 0.1140625 0.3421875 0.0265625 0.02265625
0 0.025 0.36015625 0.0328125 0.025
0 0.0671875 0.41171875 0.040625 0.034375
0 0.2578125 0.3953125 0.03515625 0.028125
0 0.6734375 0.44765625 0.04296875 0.0328125
0 0.8109375 0.41796875 0.0375 0.028125
0 0.91640625 0.42109375 0.0421875 0.03125
0 0.79765625 0.3546875 0.03046875 0.025
0 0.67421875 0.4078125 0.03828125 0.0296875
0 0.66640625 0.35625 0.028125 0.02421875
0 0.98203125 0.40078125 0.0265625 0.0234375
0 0.946875 0.3625 0.0234375 0.021875
0 0.10625 0.4375 0.028125 0.03125
0 0.5734375 0.296875 0.02421875 0.0265625