0 0.9109375 0.240625 0.084375 0.12265625
0 0.821875 0.32109375 0.065625 0.09765625
0 0.77421875 0.35234375 0.046875 0.0921875
0 0.62421875 0.40546875 0.0578125 0.0921875
0 0.4390625 0.43828125 0.053125 0.084375
0 0.340625 0.48984375 0.0515625 0.07265625
0 0.2953125 0.4671875 0.034375 0.0640625
0 0.19765625 0.503125 0.034375 0.0484375
0 0.24921875 0.52109375 0.03203125 0.06015625
0 0.1171875 0.5296875 0.0375 0.0546875
0 0.0640625 0.584375 0.02734375 0.0390625
0 0.16171875 0.5609375 0.02265625 0.0375
0 0.028125 0.54140625 0.01171875 0.02578125