0 0.0328125 0.23203125 0.03515625 0.05390625
0 0.30546875 0.24765625 0.0265625 0.05859375
0 0.271875 0.21328125 0.01875 0.03984375
0 0.15 0.28125 0.021875 0.04375
0 0.4328125 0.25859375 0.03828125 0.06328125
0 0.5296875 0.24453125 0.02265625 0.04140625
0 0.496875 0.2203125 0.01875 0.03046875
0 0.634375 0.22734375 0.0203125 0.04140625
0 0.73359375 0.190625 0.025 0.04375
0 0.79296875 0.265625 0.0171875 0.0296875
0 0.9578125 0.1921875 0.0171875 0.04375
0 0.35234375 0.23046875 0.02421875 0.04375
0 0.478125 0.22265625 0.01484375 0.0296875
0 0.459375 0.24296875 0.01171875 0.025
0 0.18671875 0.27734375 0.01640625 0.03203125