0 0.721875 0.1296875 0.14921875 0.10625
0 0.903125 0.07890625 0.05 0.03671875
0 0.84453125 0.04609375 0.05 0.0375
0 0.746875 0.02421875 0.040625 0.0265625
0 0.609375 0.00703125 0.0375 0.01328125
0 0.6 0.0765625 0.046875 0.03671875
0 0.471875 0.09140625 0.075 0.046875
0 0.24765625 0.03984375 0.0890625 0.07109375
0 0.5078125 0.02890625 0.0328125 0.0265625
0 0.40546875 0.02421875 0.0359375 0.02734375
0 0.371875 0.02734375 0.03203125 0.0265625
0 0.2828125 0.0140625 0.0359375 0.028125
0 0.29453125 0.08046875 0.04765625 0.04609375
0 0.1265625 0.05234375 0.07734375 0.05859375
0 0.02265625 0.034375 0.0453125 0.053125