0 0.921875 0.31328125 0.053125 0.0890625
0 0.86015625 0.2546875 0.04609375 0.0890625
0 0.790625 0.14609375 0.05 0.10234375
0 0.6609375 0.06640625 0.0515625 0.09765625
0 0.52578125 0.27265625 0.04765625 0.09609375
0 0.45234375 0.18125 0.0546875 0.0953125
0 0.3703125 0.1609375 0.0546875 0.0953125
0 0.31484375 0.0984375 0.0421875 0.09921875
0 0.3109375 0.04296875 0.0453125 0.08359375
0 0.1 0.33515625 0.046875 0.0921875
0 0.03203125 0.265625 0.0484375 0.09921875
0 0.03984375 0.03828125 0.053125 0.0765625
0 0.76640625 0.04296875 0.0453125 0.0859375