0 0.6078125 0.15625 0.01484375 0.01953125
0 0.8140625 0.15859375 0.009375 0.0171875
0 0.9484375 0.15859375 0.0078125 0.01484375
0 0.96015625 0.1609375 0.00625 0.01328125
0 0.69296875 0.1640625 0.01640625 0.02265625
0 0.71640625 0.1734375 0.01484375 0.02421875
0 0.753125 0.1734375 0.0125 0.021875
0 0.88203125 0.17421875 0.0078125 0.01328125
0 0.8515625 0.1765625 0.01171875 0.015625
0 0.80390625 0.18203125 0.0140625 0.021875
0 0.9015625 0.18359375 0.0078125 0.01328125
0 0.8890625 0.1953125 0.0109375 0.01953125
0 0.98984375 0.1984375 0.00859375 0.01328125
0 0.9234375 0.20234375 0.01171875 0.0171875
0 0.978125 0.20390625 0.00859375 0.01328125
0 0.96171875 0.21015625 0.0125 0.01953125
0 0.0828125 0.2578125 0.04140625 0.15625
0 0.659375 0.2703125 0.02421875 0.0421875
0 0.76640625 0.2703125 0.0640625 0.09921875
0 0.27421875 0.27109375 0.1796875 0.27109375
0 0.5359375 0.27421875 0.0328125 0.059375
0 0.8609375 0.29140625 0.03828125 0.06640625
0 0.9546875 0.2984375 0.01953125 0.034375
0 0.196875 0.05 0.0328125 0.04296875
0 0.23515625 0.05 0.03046875 0.04765625
0 0.46796875 0.1078125 0.0265625 0.03515625