0 0.7125 0.0625 0.0265625 0.046875
0 0.928125 0.0390625 0.0296875 0.0390625
0 0.61015625 0.10859375 0.01953125 0.03203125
0 0.925 0.15625 0.01640625 0.028125
0 0.88203125 0.6 0.015625 0.0421875
0 0.6203125 0.57421875 0.015625 0.03203125
0 0.1171875 0.025 0.0328125 0.03671875
0 0.090625 0.2453125 0.01640625 0.025
0 0.47265625 0.05546875 0.0328125 0.04921875
0 0.365625 0.0375 0.0140625 0.021875
0 0.4734375 0.15703125 0.0171875 0.028125
0 0.4859375 0.2859375 0.028125 0.0828125
0 0.565625 0.228125 0.0171875 0.028125
0 0.12109375 0.5234375 0.02734375 0.03671875
0 0.37265625 0.53671875 0.01484375 0.02265625
0 0.47734375 0.55 0.03125 0.05703125
0 0.4796875 0.653125 0.0203125 0.02890625
0 0.490625 0.78125 0.01953125 0.06953125
0 0.09296875 0.6140625 0.01875 0.03046875
0 0.1515625 0.63046875 0.01484375 0.03046875