0 0.534375 0.50078125 0.0453125 0.07734375
0 0.66796875 0.53359375 0.00625 0.01328125
0 0.60859375 0.53359375 0.00703125 0.01171875
0 0.74140625 0.5296875 0.0140625 0.02734375
0 0.8109375 0.540625 0.0125 0.0234375
0 0.94609375 0.5703125 0.01171875 0.0234375
0 0.01171875 0.50625 0.015625 0.03515625
0 0.05 0.4546875 0.01484375 0.025
0 0.11015625 0.50234375 0.01953125 0.03359375
0 0.3421875 0.5046875 0.0046875 0.009375
0 0.69375 0.528125 0.00625 0.01171875
0 0.80234375 0.55078125 0.0109375 0.01796875
0 0.56953125 0.53984375 0.0109375 0.01171875