0 0.46953125 0.3390625 0.0203125 0.04140625
0 0.9515625 0.37109375 0.0171875 0.0484375
0 0.953125 0.53359375 0.025 0.059375
0 0.70078125 0.67578125 0.00859375 0.01640625
0 0.71796875 0.66171875 0.009375 0.0140625
0 0.85 0.6828125 0.009375 0.01171875
0 0.2703125 0.77109375 0.0125 0.02109375
0 0.5375 0.85703125 0.0109375 0.015625
0 0.540625 0.81015625 0.0109375 0.01875
0 0.428125 0.6328125 0.0140625 0.02265625
0 0.4671875 0.665625 0.0078125 0.01328125
0 0.7796875 0.671875 0.009375 0.01796875
0 0.98515625 0.446875 0.02734375 0.07734375
0 0.98515625 0.3578125 0.02734375 0.059375
0 0.24921875 0.63359375 0.0078125 0.01796875
0 0.30625 0.63984375 0.009375 0.01875
0 0.8109375 0.40703125 0.034375 0.04765625
0 0.8265625 0.63984375 0.009375 0.0140625
0 0.8640625 0.68671875 0.0078125 0.00859375
0 0.87109375 0.68515625 0.00625 0.009375
0 0.825 0.68671875 0.0125 0.015625
0 0.03828125 0.52421875 0.00390625 0.00859375
0 0.04375 0.525 0.003125 0.00703125
0 0.0328125 0.5203125 0.00390625 0.00703125