0 0.05859375 0.290625 0.046875 0.1109375
0 0.153125 0.23125 0.05390625 0.1265625
0 0.22578125 0.265625 0.07109375 0.15703125
0 0.35390625 0.1625 0.06953125 0.15390625
0 0.4390625 0.16484375 0.0765625 0.16484375
0 0.534375 0.1921875 0.08984375 0.1828125
0 0.6078125 0.184375 0.0453125 0.08828125
0 0.6734375 0.17578125 0.04375 0.10546875
0 0.76640625 0.2515625 0.05546875 0.121875
0 0.8296875 0.26328125 0.08515625 0.16640625
0 0.9828125 0.2578125 0.0328125 0.14921875
0 0.80390625 0.2375 0.07734375 0.15546875